# sampling_step = 1e-07
5.854627837018649750e+00
-1.169706219242181655e+00
-4.844633055915991693e-01
4.200569183661543526e+00
-1.352061399765788485e-01
6.698630655126092126e-01
-1.273827160630705224e+00
4.528660379860126817e+00
-2.280136587354797406e+00
-1.481790548734261304e+00
2.938664964482568642e+00
-1.718102720694860919e+00
-8.155142362267011613e-01
-2.296366598542310289e+00
3.113249718696980306e+00
-3.779655403499502242e+00
-2.609296980094393259e+00
2.130884326785598137e+00
-2.967559810637350193e+00
-1.601496548310840540e+00
-2.710809434442343679e+00
2.530208721001392380e+00
-4.249506218382038014e+00
-2.312448235341168168e+00
2.500191628130966404e+00
-2.936559228867866800e+00
-9.404618414270512483e-01
-1.568617608342468106e+00
3.148971734616574647e+00
-3.055261425047416601e+00
-1.214393389459891059e+00
4.009773134769963221e+00
-1.900605888595126469e+00
5.998800706376519187e-01
-1.499881930060503743e-01
4.411771013311952316e+00
-2.014003312305562066e+00
5.550451341623715562e-01
5.050436651107776065e+00
-1.194403744006942381e+00
1.507513749332674680e+00
1.023597201996446548e+00
4.343793735080543783e+00
-1.756883927518281263e+00
6.788280850531582811e-01
4.893161249797703505e+00
-2.045930751178890894e+00
1.051730461324337451e+00
3.380505760633042978e-01
3.065637505315685463e+00
-3.080686539298004956e+00
-2.067673196018481874e-01
3.628934235643575867e+00
-3.576799161587740361e+00
-4.370263974431284337e-01
-8.413981017815237440e-01
1.524334469181791274e+00
-4.363054716496282737e+00
-1.475361635453801723e+00
2.569713536833678980e+00
-4.760910990469715109e+00
-7.869379397939778586e-01
-1.324432189979375396e+00
8.176493194679791410e-01
-4.346154093734324597e+00
-1.124707785771910329e+00
2.566161213005791364e+00
-4.650397154821107826e+00
1.177864457725634612e-01
-2.437547701127872057e-01
1.510891677612186124e+00
-3.434573573207408970e+00
4.838457419987758357e-01
3.868044754250915762e+00
-3.478626038523497055e+00
1.699289381408233268e+00
1.067793318262414637e+00
2.474045184335908143e+00
-1.698804048301168601e+00
1.747300217766013297e+00
4.995342926332309474e+00
-2.979703085557459996e+00
2.651560108747730293e+00
1.937886893916531905e+00
2.352633733489025492e+00
-1.459100149147766201e+00
1.900486682651859827e+00
4.253788684756948157e+00
-3.542785285935559969e+00
2.289056930241393228e+00
1.048022155088316643e+00
1.071674878117115037e+00
-2.543045097620116213e+00
8.848335681257913921e-01
3.031095801716453320e+00
-5.102341722548711545e+00
1.308706584197406819e+00
-4.155520242899749528e-01
-4.462482016109026728e-01
-3.637406442629155023e+00
-2.039353275646100527e-01
1.575846978715742086e+00
-5.988418013679326357e+00
7.556637924531386385e-01
-8.411233712358714421e-01
-1.436214709116109933e+00
-3.615144585240342767e+00
-1.818227987926432018e-02
1.772074289828052596e+00
-5.592177271116514525e+00
1.814457997531106148e+00
1.154289918224448049e-03
-5.589829888048628570e-01
-2.071114057390424090e+00
1.211238709281898140e+00
2.815884731169088440e+00
-4.396743850929983211e+00
3.262378319260080595e+00
1.336286488739180545e+00
5.692869983677395496e-01
-7.798323730743763615e-01
2.474930746221807976e+00
3.880700415716967999e+00
-3.442999910176868461e+00
4.327178878274786200e+00
1.656633212940038735e+00
5.022228865386877406e-01
-1.405621172217905168e-01
2.729134753441760708e+00
3.152913772304790196e+00
-3.890149606115723913e+00
3.967962081104389860e+00
8.829022561301471672e-01
-7.701130880033880688e-01
-9.667202445757472340e-01
1.359482247862987103e+00
1.532893797986666140e+00
-5.235535914522369438e+00
2.714144923181737390e+00
-8.338225102694306612e-01
-2.157015806368248523e+00
-2.029189397786046456e+00
9.247258182157501449e-02
4.273016195133255701e-01
-6.079438540762370558e+00
2.436290535758598885e+00
-1.387796968085559302e+00
-2.740397119626512445e+00
-1.583175319414246829e+00
2.224632088698510757e-01
3.418138582600326325e-01
-5.368219705941394082e+00
3.348748509407393659e+00
-8.107914005076843900e-01
-2.046708936054819628e+00
-2.353455020789825547e-02
1.252502231664934129e+00
1.340230621191359939e+00
-3.833300898701263559e+00
4.931136414479962760e+00
3.272666962199420881e-01
-5.823049156249955338e-01
1.574777698967634754e+00
2.265000033716824124e+00
2.257172247445676572e+00
-2.756750572638661634e+00
5.694221293986812427e+00
9.093398682092539431e-01
-6.226393063181729914e-01
1.788820900003336378e+00
2.350787504029320019e+00
1.850621844734555488e+00
-3.301195224972883757e+00
5.129004883424391537e+00
-3.397590811183605619e-01
-1.735589598775527209e+00
1.140877252287858745e+00
6.532029528487718339e-01
3.191869194507272051e-02
-4.322269243705975761e+00
3.781086986764478741e+00
-1.949741866316148542e+00
-3.160706030855396698e+00
1.986246110036271328e-01
-6.582976467927711406e-01
-1.187462028923943258e+00
-4.996701260908923636e+00
3.222763457951738797e+00
-2.688451790518956219e+00
-3.253482806400950000e+00
3.415467321964867908e-01
-7.451407912968954772e-01
-8.232425839923409594e-01
-4.133294534667057540e+00
4.093482864251127396e+00
-2.079761539378420565e+00
-2.518466137963702334e+00
2.099091311065740761e+00
5.417319664341317953e-01
3.533003219218089352e-01
-2.502971314829216087e+00
5.269564471769108138e+00
-9.821588909516180133e-01
-1.036833684311893267e+00
3.445820178573019366e+00
1.338842196279181884e+00
1.305204930664947582e+00
-1.377560180048496452e+00
6.054116183108656735e+00
-7.840787069318437830e-01
-3.624416139583748198e-01
3.744218565031518953e+00
7.747223731304914152e-01
9.055369414654060867e-01
-1.796508932618892551e+00
5.304399172178695387e+00
-1.959857619815862151e+00
-1.604647179264740986e+00
2.891296038056369699e+00
-7.866556488130880265e-01
-8.165241614977287732e-01
-2.808046965610933032e+00
3.641307198108121757e+00
-3.456186977970774787e+00
-2.663707923626585927e+00
1.864469034282260074e+00
-2.330799876657460690e+00
-1.778702152215686727e+00
-3.273954995610541374e+00
2.755394345105477427e+00
-4.165192847865569092e+00
-2.834607212803771592e+00
2.059045390692512356e+00
-2.344140401362662551e+00
-1.143006367528943912e+00
-2.276774226296001125e+00
3.512680580370778127e+00
-3.340618821073683797e+00
-1.387286249006440375e+00
3.460549715718228114e+00
-1.276023169643470734e+00
1.525034036379369351e-01
-7.196984690484499181e-01
4.725355032188416793e+00
-1.956186080039148845e+00
-9.664469515343228345e-03
4.865538157841846179e+00
-7.708580596493711523e-01
1.023478828556809939e+00
3.309894718080448328e-01
5.069960515285606206e+00
-1.671808323015450348e+00
2.501567747663653862e-01
4.823002609564357890e+00
-1.390678563440093107e+00
9.454551422610358857e-01
7.796330282130670142e-02
3.900347903595176469e+00
-2.677617090653336085e+00
-7.287908299750377461e-01
3.656723928791467682e+00
-2.721147918083801631e+00
-3.357175795464626411e-01
-1.310860862991275244e+00
2.318765527792106873e+00
-4.028329770366812390e+00
-1.609773117722532954e+00
2.517642320214915852e+00
-4.127203570949841804e+00
-1.156471943063054120e+00
-1.798353439192959646e+00
1.479892082050218827e+00
-4.395482611492054659e+00
-1.620994960382576844e+00
2.444647897516592394e+00
-4.321269156400656009e+00
-6.237885470089137296e-01
-9.029747443791003025e-01
1.903144460898525292e+00
-3.625839039960720545e+00
-3.483425719966715128e-01
3.700570036925372452e+00
-3.261781488435399723e+00
8.524442213799126034e-01
7.077755516463005714e-01
2.869744681730455937e+00
-2.409209674268953272e+00
1.172226529805945106e+00
5.002539295848632328e+00
-2.558948598575000233e+00
2.117204407675051137e+00
1.518704831154729540e+00
3.326915250802316315e+00
-1.744919644437354478e+00
1.639217333888913330e+00
4.852471528197708217e+00
-2.923739791739587979e+00
1.995165363396707470e+00
1.073432653667808490e+00
2.060400154646654158e+00
-2.761356125332020017e+00
7.810697534097635897e-01
3.320271665043236453e+00
-4.372595209043310227e+00
9.791455049118167331e-01
-3.146257808837353287e-01
3.806692191471042763e-01
-3.842722665213563094e+00
-3.266011157637950246e-01
2.163872130310019681e+00
-5.621913641949858764e+00
3.650629984840235709e-01
-8.145576530585674213e-01
-5.591565613180892180e-01
-4.109719900853169072e+00
-2.674421971371193640e-01
1.941323209747535028e+00
-5.556692874918823577e+00
1.172594574292155301e+00
-1.792972031769445862e-01
-8.351917851851067831e-02
-2.905935023729730116e+00
1.094490016921282782e+00
2.979386723042829921e+00
-4.339923305348017735e+00
2.514648772697018586e+00
1.199219037574275726e+00
9.599308960160528592e-01
-1.159266702467423027e+00
2.282192525014881124e+00
3.917445652415703528e+00
-3.215743777743361065e+00
3.907633782645508091e+00
1.823004460649924274e+00
1.254441360405931238e+00
-7.268975891740492301e-01
2.545266160362070096e+00
3.525898033689013111e+00
-3.750978076195953470e+00
3.483312112467552346e+00
1.174928957487454628e+00
6.139392250061239537e-02
-1.354359881455634795e+00
1.572546697846295860e+00
2.122185856684179583e+00
-5.283313304120815346e+00
2.502481835790902220e+00
-4.538072576911237888e-01
-1.594706416165588392e+00
-2.485522426401053586e+00
2.864109732163370725e-01
6.779014541529323479e-01
-6.073047066061880273e+00
1.738078750845803100e+00
-1.182616110158048572e+00
-2.452978490369761566e+00
-2.381802023571138349e+00
2.782089029237867495e-01
5.138360721049648472e-01
-5.808283494799962199e+00
2.705066673714076941e+00
-6.329365996073101908e-01
-1.732018548930487567e+00
-1.103632415464964600e+00
1.400743230989583310e+00
1.697349918544067027e+00
-4.239626887857810722e+00
4.522114761678311723e+00
6.155010462656183012e-01
-5.598027511258872879e-01
5.533664850781184752e-01
2.477574570907446372e+00
2.528557800713804316e+00
-3.241611410097763102e+00
5.350829427825206430e+00
9.080314794556461067e-01
-4.533670724224577175e-01
1.253149742740529593e+00
2.616061629281430712e+00
2.121935118427821454e+00
-3.445629099072358592e+00
4.984531652022663906e+00
1.045655445538229006e-01
-1.279016084022238875e+00
5.939453555258905615e-01
1.306427093017414442e+00
6.590868150294167949e-01
-4.559868552599884772e+00
3.614940950599259128e+00
-1.386795443650770565e+00
-2.640174320833956312e+00
-3.379035741586004504e-01
-3.323411425740299685e-01
-6.329940703525245294e-01
-5.448179185310400463e+00
3.094928185437736179e+00
-2.299433547740895811e+00
-3.164708379199033583e+00
-2.632722925798076652e-01
-4.478940657838199613e-01
-6.415193505675582664e-01
-4.760374725248815331e+00
3.671670932166964718e+00
-1.758540193954128750e+00
-2.214578680106248587e+00
8.766149513744120325e-01
7.218808661274888072e-01
4.463130169822595583e-01
-3.183411791728534723e+00
5.321987046285562073e+00
-5.939336348140066280e-01
-9.996918063396380560e-01
2.566456318986792162e+00
1.638968817867809458e+00
1.412347405964424096e+00
-1.943127028046973237e+00
6.110498720051994681e+00
-6.540532554403893917e-02
-3.974186786209728539e-01
3.252306233786327105e+00
1.330107364268080516e+00
8.153205976105810660e-01
-2.080124150168508379e+00
5.364448923985615458e+00
-1.193530512049998160e+00
-1.467729392673123634e+00
2.428067216101021053e+00
-6.219565059395084500e-02
-2.194543963496571604e-01
-3.029721238752590917e+00
3.832896283339717325e+00
-2.975488395727498236e+00
-2.586095317565216600e+00
1.474497629317850889e+00
-1.754259485160049037e+00
-1.482509286214016786e+00
-3.912582377901679287e+00
3.239414934099371646e+00
-3.653622218072141159e+00
-3.080982139636893269e+00
1.545691739457182523e+00
-1.965774768358379943e+00
-1.334747695268666989e+00
-3.164921150398440908e+00
3.673456597040882343e+00
-3.089141719376312434e+00
-2.035980804909899966e+00
2.908930592934978243e+00
-9.132229243967396881e-01
4.779096050900666359e-02
-1.502716624768897224e+00
4.770447549746835492e+00
-2.024236717191612467e+00
-6.069676236117884649e-01
4.262740676268821360e+00
-2.042463070904420031e-01
1.189694846203657175e+00
-2.275306518090613461e-01
5.603260996067035649e+00
-1.455634740944261152e+00
-4.758256638139710115e-03
4.728836605309720831e+00
-4.903582938738113572e-01
8.428315260612477822e-01
-2.257315205626566901e-01
4.540391057514385764e+00
-2.401284414135677281e+00
-6.978228211829745620e-01
3.596637135568939048e+00
-1.840936343001970510e+00
-5.164559747887170760e-01
-1.508285405701215165e+00
3.159593527365102350e+00
-3.974216495429260032e+00
-1.983089807921407655e+00
2.365076717288512764e+00
-3.310077720200921725e+00
-1.497291470700852445e+00
-2.048214748226003135e+00
2.020706037627391094e+00
-4.560349505576001938e+00
-1.926179021935211511e+00
2.472910827548295831e+00
-3.737317893803620894e+00
-9.659763673423433783e-01
-1.355825028945211619e+00
2.450894956384531476e+00
-3.897686061758915965e+00
-9.549121935626758706e-01
3.547270683821291293e+00
-2.816262717164670804e+00
4.525404762126838398e-01
3.399290183655331310e-01
3.593107049667078723e+00
-2.408449577159878618e+00
8.361535477249312232e-01
4.856760711813512543e+00
-1.988981690620449827e+00
1.755791275103313787e+00
1.131912015720705433e+00
3.880877886800357501e+00
-1.935525427433751666e+00
1.265429578557165424e+00
5.018894743963824290e+00
-2.410286188757342352e+00
1.665403913710117756e+00
1.158015200020990232e+00
2.883433260025706435e+00
-2.646971292866090231e+00
6.819311669808960641e-01
3.681455715870083356e+00
-3.949004510159950687e+00
6.098995068078038040e-01
-2.061076544748288442e-01
1.164684121749588019e+00
-4.016142558716801148e+00
-6.602131668802150299e-01
2.503245664924663050e+00
-5.272191939824604212e+00
-2.328617692747460277e-01
-1.128614716709358756e+00
7.043465544346917684e-02
-4.422461983485360015e+00
-5.182925054888940508e-01
2.162390839513962604e+00
-5.372349495655024398e+00
3.333776984662405463e-01
-5.617673837497798583e-01
4.478213661817805891e-01
-3.418467379929801542e+00
6.081120158694073297e-01
3.017568409958039766e+00
-4.270395918665566448e+00
2.036881010829397542e+00
1.120581002827091943e+00
1.598233685295842754e+00
-1.752845194649838456e+00
1.881682717639039826e+00
4.201562324161965734e+00
-3.368519238063114152e+00
3.456817851477373083e+00
1.728304034852878424e+00
2.039938344035665541e+00
-1.055190941233051127e+00
2.429299676450857426e+00
4.168115531554393627e+00
-3.568460875747716532e+00
3.274528639237510141e+00
1.410950683376703596e+00
7.319727795397062975e-01
-1.704685489658846143e+00
1.679788010491105155e+00
2.888897290564699460e+00
-4.838017097771458275e+00
2.197673048955148367e+00
7.994611206547252991e-02
-7.918953733934970263e-01
-2.851039257777940872e+00
2.945740455175392403e-01
1.225081063210158305e+00
-6.062673219124505408e+00
1.540283627996824389e+00
-1.127309015593863650e+00
-1.798228252759809020e+00
-3.244024207007375260e+00
1.933988501884447708e-01
9.363381964303473248e-01
-5.921927129339857210e+00
2.134683034755217257e+00
-5.610646454867120880e-01
-1.389394489965119162e+00
-1.957381771104524493e+00
1.128983564021418529e+00
1.791617571688054245e+00
-4.806396343914705938e+00
3.512638321846020428e+00
7.989430771876434578e-01
-1.450769593843131422e-01
-1.600094173718208945e-01
2.671804362531014387e+00
2.894136295276936277e+00
-3.573716982133530173e+00
4.833015213407536592e+00
1.591014557699175214e+00
2.920215719264936394e-01
6.363326580485102468e-01
2.824628275582403703e+00
2.621908465472582606e+00
-3.446441034661750891e+00
4.784248744371137008e+00
5.063838783494480911e-01
-8.465073101392346366e-01
1.895822591388432454e-01
1.832659358952576589e+00
1.255017258325574980e+00
-4.851958930390227742e+00
3.614341773931649904e+00
-9.403837344029999379e-01
-2.248163318874278449e+00
-1.191598088040428216e+00
3.807544221723972999e-01
-3.924314279289711771e-02
-5.737949453929196864e+00
2.960358550797860033e+00
-1.807495125612024855e+00
-3.044118651763563221e+00
-1.105202256279038231e+00
4.121421604504388325e-02
-5.146819328068108490e-01
-5.237639417359780225e+00
3.250642270413506285e+00
-1.528719761713594805e+00
-2.280044820906729885e+00
1.117664329225184772e-01
8.270781534890698783e-01
4.427901959007121135e-01
-3.709521095935519597e+00
4.712164248090451757e+00
-3.984301911900929305e-01
-1.004656230623295343e+00
1.826216176707396555e+00
1.998625019645367207e+00
1.450349664124088944e+00
-2.634247731789957303e+00
5.821842626807640642e+00
1.362861041333150725e-01
-5.282478040848604950e-01
2.650053298598200158e+00
2.218991327109897327e+00
1.218244303061026823e+00
-2.533898449612434600e+00
5.749055592621759914e+00
-6.459314048529237740e-01
-1.310664244204473805e+00
2.167372094574626207e+00
6.045996745880547474e-01
-1.052320494687752905e-01
-3.595241741184098228e+00
4.211710900831950433e+00
-2.524995887671883654e+00
-2.535712325443237436e+00
9.927462314733935811e-01
-8.605838043782652047e-01
-1.257477393037835123e+00
-4.368614155789670939e+00
3.329107227611694864e+00
-3.446018321607346557e+00
-3.385724730000073901e+00
7.582263688250235889e-01
-1.362502114240836892e+00
-1.365121979864966750e+00
-3.649441746741864723e+00
3.799005145072156253e+00
-2.993221693122328997e+00
-2.424392959371474809e+00
2.010137388294104266e+00
-3.886998623938483499e-01
-2.972243582102538917e-01
-2.240297418156637299e+00
4.994911036519070535e+00
-1.775626228293686104e+00
-9.028233215669754230e-01
3.788052187021641704e+00
5.384089940148758524e-01
9.173104504744573617e-01
-9.040884187813066353e-01
5.800037434183357377e+00
-1.387402186626806921e+00
-6.356907863191500752e-02
4.331211497702338598e+00
3.561626097937734547e-01
7.448524205247554208e-01
-5.521934894603744981e-01
5.350213044466499923e+00
-2.161699326121711895e+00
-7.878968949462777926e-01
3.492071944558940100e+00
-1.081650725790161083e+00
-4.254349754780140103e-01
-1.787915404985326528e+00
3.778707755325433570e+00
-3.697815803757579012e+00
-2.048748477554601433e+00
2.286047611842111582e+00
-2.666020912696338563e+00
-1.318684913626805066e+00
-2.604761185191171169e+00
2.498573883270587714e+00
-4.543708019512649798e+00
-2.288154005965288285e+00
2.079813045138339422e+00
-3.319514581063401248e+00
-1.374742535841314117e+00
-2.217330992180987170e+00
2.827453893057351841e+00
-3.984824300675955389e+00
-1.499152858263203436e+00
3.312759941747261738e+00
-2.537152339727773764e+00
-5.255915087096354327e-02
-4.228488683824314087e-01
3.901992056802073616e+00
-2.495610485253892730e+00
5.061142835888291502e-01
4.309861608059529559e+00
-1.375212553632943813e+00
1.305563408391651192e+00
7.759187243154858082e-01
4.504916685190726078e+00
-2.030759920698681498e+00
8.711722072803896877e-01
4.943361856840680524e+00
-1.524392938376662343e+00
1.579817416856063472e+00
6.674210225935319762e-01
3.882303910738990282e+00
-2.739108306656641290e+00
4.642966514873715367e-01
3.991957591396732674e+00
-2.967001306198424171e+00
3.598327494797139980e-01
-3.304799863883667865e-01
1.877929824909343237e+00
-4.234694283319622166e+00
-5.988029705279308557e-01
2.597161212744874437e+00
-4.684013627739985530e+00
-6.010391822355145575e-01
-1.164119423775757722e+00
8.229874671353741844e-01
-4.729226840546988164e+00
-1.151817380549752690e+00
2.284742941004683114e+00
-5.083658294615011286e+00
-1.418973798784561591e-01
-8.209212443124893621e-01
1.205953892936983296e+00
-4.033208440188908561e+00
-3.528710496385284445e-03
3.210828833666637738e+00
-4.046963578284222152e+00
1.196229473044651215e+00
7.698408738566139276e-01
2.147138905397498743e+00
-2.299032635228838384e+00
1.709271341024148683e+00
4.223013273096801967e+00
-2.943989655660846694e+00
2.568800493223457160e+00
1.549449128751082760e+00
2.448755812469419979e+00
-1.480643605115953720e+00
2.273543055205233365e+00
4.468571032460077141e+00
-3.127105825909916259e+00
2.977124973271664032e+00
1.599409232710581108e+00
1.839370091677545727e+00
-2.025887256117742563e+00
1.691954532934122124e+00
3.412788744394235518e+00
-4.340240413210162629e+00
1.619827824847993591e+00
8.890597420525417349e-02
-1.734073523000496664e-01
-3.288963908818224979e+00
3.684434303856786164e-01
1.726042231638569735e+00
-5.908480826518925255e+00
9.984665143310356150e-01
-7.719415024646364420e-01
-1.233887263601650242e+00
-3.799163347319464812e+00
1.645555042131204709e-03
1.215034601800453196e+00
-5.778008470422184573e+00
1.327153595372716488e+00
-5.585328989273077305e-01
-7.944617536972924388e-01
-2.595745166675590188e+00
1.041958550571885578e+00
1.972541445395750603e+00
-4.880696119016335821e+00
2.960995121656343265e+00
8.073932435818149678e-01
1.436618095675398776e-01
-9.475978237226337919e-01
2.393677704312250132e+00
3.408243366244047223e+00
-3.574547514926154523e+00
4.291648092358267164e+00
1.320876644898019148e+00
7.945210737382893962e-01
-1.753664410505064719e-01
2.960775256850836534e+00
3.247970008709783585e+00
-3.393880964504275788e+00
4.471468110995101775e+00
1.066219409347582303e+00
-1.557447511910375892e-01
-4.741110077501413667e-01
2.072472287417550074e+00
1.934182332280479866e+00
-4.591927515322356435e+00
3.207924570967586764e+00
-6.405986781676012987e-01
-1.549337097488520998e+00
-1.727283713157308220e+00
7.546359941127755988e-01
3.086232451553038159e-01
-5.801673590841040173e+00
2.493279314691740911e+00
-1.586268282198842750e+00
-2.801983278660582943e+00
-1.867318086756811324e+00
1.726144453185075034e-01
-1.905815325768848989e-01
-5.655594324428174779e+00
2.834870086921631227e+00
-1.508341636068749159e+00
-2.285932660600718425e+00
-8.642855586759510267e-01
1.110396136117258292e+00
6.550577348272913492e-01
-4.364660050408938119e+00
4.407233037453513802e+00
-1.461351584861016184e-01
-1.049735070240998658e+00
1.090463308085425576e+00
2.129966890177641847e+00
1.822632660386251713e+00
-2.916369242403814344e+00
5.600474458190944027e+00
4.136043326830020628e-01
-4.469100714090384341e-01
1.953430425040106000e+00
2.433301809591498888e+00
1.756614793043053346e+00
-2.746561837477211387e+00
5.665911435381035588e+00
-1.459100733174810427e-01
-8.250452948506615813e-01
1.418222944581245315e+00
1.488381783580143392e+00
5.562809741878840253e-01
-3.843234413041099362e+00
4.364086361700345584e+00
-1.832275496040748575e+00
-2.404327453551737825e+00
1.686539714892971720e-01
-1.525382470411086877e-01
-1.098874050377838252e+00
-4.711201350186105863e+00
3.376912232374988942e+00
-2.875424933681246742e+00
-3.186976835137659059e+00
1.085154358123513046e-01
-8.217381213585979172e-01
-1.389577212910557025e+00
-4.425011818113123496e+00
3.427223390391315405e+00
-2.583343763159175133e+00
-2.649797524039275931e+00
1.344107950107525040e+00
-6.284733215414436969e-02
-2.974468831421354653e-01
-2.853080527079475459e+00
5.012143960752368343e+00
-1.761898146431975842e+00
-1.002136458569181210e+00
2.990848527777957955e+00
1.005982622659950421e+00
8.481442341153215825e-01
-1.532813053955990990e+00
5.960795233523143999e+00
-9.247766802800800878e-01
-3.772324014940475756e-01
3.672772560920629203e+00
1.213895083099385541e+00
8.444431035809732977e-01
-1.185097244040164588e+00
5.699219845333558965e+00
-1.616207246128867681e+00
-1.030348666335947350e+00
3.248133385318852984e+00
-1.386141444356935870e-01
-2.652937880216406086e-01
-2.201909592720636688e+00
4.214098167023811570e+00
-3.310808297139903544e+00
-2.028894040490353046e+00
2.240667402718388601e+00
-1.853216322739777322e+00
-1.529301427250872480e+00
-3.126751360553950310e+00
2.986047540896757724e+00
-4.389425464504838281e+00
-2.851303271846666654e+00
1.847696913965186649e+00
-2.491503076749047807e+00
-1.625258940134040264e+00
-2.697447138354641893e+00
3.073211838529158690e+00
-4.003126817657700620e+00
-1.778700696773647838e+00
3.029431034767448683e+00
-1.830064508187826400e+00
-4.235701123980485927e-01
-1.114643273142365665e+00
4.214311024759715529e+00
-2.612283863729190969e+00
-1.680180759876105934e-01
4.299003879864951472e+00
-6.878227642822942745e-01
1.088784440222712258e+00
1.849127153424244829e-01
5.037657230059457980e+00
-1.956174161517205468e+00
7.747056403604595243e-01
4.945991758903303115e+00
-8.866657477800118370e-01
1.150685352081580515e+00
4.852261390417939579e-01
4.448728197248563276e+00
-2.325311983617217138e+00
2.968394651353608582e-01
3.958966703569454904e+00
-2.176370213471380932e+00
1.231738577934495538e-01
-8.048631112202438986e-01
2.928116194061566979e+00
-3.827183129639210257e+00
-9.042510823099113582e-01
2.866374862191866324e+00
-3.903189729257737106e+00
-9.040731078844086444e-01
-1.570816782705988013e+00
1.771309851164549753e+00
-4.749783163016409127e+00
-1.482106986636310131e+00
2.337253067550979502e+00
-4.529960268396300727e+00
-7.992371378771702117e-01
-1.150362667313320708e+00
1.534637652379399420e+00
-4.442746023814398981e+00
-5.273369709786690507e-01
3.186586380406326136e+00
-3.842109647553599849e+00
5.495599942197904042e-01
2.314451294884606325e-02
2.565148367665262441e+00
-2.904160902499570263e+00
1.050785369137668734e+00
4.486788638188021316e+00
-2.741182788991401775e+00
2.009587697281837393e+00
1.343818046979872616e+00
3.282038438387983703e+00
-1.941425876155492558e+00
2.119413376380221425e+00
4.746629369922601427e+00
-2.674644091826421821e+00
2.265421609079812715e+00
1.361989180513948350e+00
2.518648405980640881e+00
-2.345878429464177017e+00
1.445788722494392164e+00
3.856473697960545621e+00
-3.972363376610686725e+00
1.376092325219203216e+00
1.952070779374208143e-01
9.149685981710001803e-01
-3.595149457073343768e+00
1.917276997803715188e-01
2.218493583310132689e+00
-5.345517844088687909e+00
5.451105505511938398e-01
-1.069625910842015193e+00
-3.625237580440606733e-01
-4.180008045749471712e+00
-3.168250643843956715e-01
1.640108868680072884e+00
-5.807232635443506652e+00
7.217889329533241360e-01
-7.604674087299967411e-01
-2.609910703553941502e-01
-3.485931151523627314e+00
6.362080551929026884e-01
2.249847570622432347e+00
-4.833624005146047509e+00
2.271504661795494151e+00
7.396003809124668260e-01
6.748877541553833792e-01
-1.764345021412583758e+00
2.185305655447359996e+00
3.571895757312555375e+00
-3.685539986588517003e+00
3.557539162167629332e+00
1.637586958606024101e+00
1.225745653469455076e+00
-6.859630589602740969e-01
2.826234798521936487e+00
3.614759634707654268e+00
-3.414988191528820494e+00
3.902112036454778998e+00
1.411972670718589562e+00
6.359022165623331446e-01
-1.100278360143380763e+00
2.231346053277131425e+00
2.672981764275498939e+00
-4.574625039790995551e+00
3.105438122888977137e+00
1.099903856559411586e-02
-9.406346348541463342e-01
-1.959019212404064847e+00
7.785966433746320803e-01
9.069154518574692458e-01
-5.773490810574123167e+00
2.121244301373036656e+00
-1.346634087484277709e+00
-2.117616565859902877e+00
-2.756275979940024268e+00
2.458855336284221094e-01