# sampling_step = 0.0001
1.703988715143407884e+00
1.825646286175412802e+00
2.526271473750327790e-01
2.429899232140176224e+00
7.442020428203239835e-01
8.650170388708342539e-01
2.485324588810261304e+00
-1.816422609404152455e-01
2.289332299741418275e+00
1.576986324965415909e+00
-6.000259598288376628e-02
3.012199420929753568e+00
-5.116451784059519170e-01
1.473313209462470796e+00
2.298635421588479222e+00
-1.101665633424778523e+00
3.448237591118330503e+00
-2.350291657081875207e-01
4.331367824477028727e-01
3.131164143331281124e+00
-1.600997262340004390e+00
2.875152104673095899e+00
8.607965485387127913e-01
-8.154571015796081568e-01
3.974195331286338728e+00
-1.700010375210623037e+00
1.892367311268266850e+00
2.154901295601261868e+00
-2.043079604015229478e+00
4.240561443286519960e+00
-1.146270502769824118e+00
5.343205209835081293e-01
3.238889604825364366e+00
-2.727775345261125750e+00
3.496459836979659119e+00
-2.489148675112289877e-01
-1.154816478567184834e+00
4.091349689321870819e+00
-3.010762123704852744e+00
2.548962639719579926e+00
1.218703987624851326e+00
-2.300320047581803973e+00
3.983977574814468792e+00
-2.643835176646980756e+00
8.322313730017325550e-01
2.419398051252925175e+00
-3.522031651875821456e+00
3.723826109205366386e+00
-1.442447618917454655e+00
-9.022596650024971021e-01
3.524096408092699306e+00
-3.683732861224676913e+00
2.543121524115108834e+00
-5.223550418925160255e-02
-2.286183001874585674e+00
3.409543580552091058e+00
-3.272404747714678486e+00
9.742942460162876683e-01
1.187852449212049688e+00
-3.183607127342059417e+00
3.084458410091568403e+00
-2.335145103453268423e+00
-4.101384601146820241e-01
1.792727153161927323e+00
-3.788528590948395003e+00
2.036602134219086313e+00
-1.178847696941950129e+00
-1.864654322732351321e+00
2.321558490383907714e+00
-3.333650973496043335e+00
8.230420745858909592e-01
-2.268316943885645698e-01
-2.686287997583499898e+00
2.009418097263426795e+00
-2.382579751184410455e+00
-4.962271173152739134e-01
4.011213842179103262e-01
-2.917794918497413903e+00
9.447956493357284602e-01
-1.557865641145225855e+00
-1.400104879954045645e+00
5.784076232432440179e-01
-2.385132844298174071e+00
-1.715690237430308740e-01
-8.141260165298926932e-01
-1.980144823961253797e+00
1.858127913253250496e-01
-1.960763989246128824e+00
-1.245763600777661573e+00
-5.550205610627402253e-01
-1.904910319657047379e+00
-4.929474976372781869e-01
-1.103024377987263716e+00
-1.568614031036954071e+00
-6.622468912098079530e-01
-1.330370335489893252e+00
-1.511039530024692379e+00
-6.179823574675210596e-01
-1.733772066451943150e+00
-1.264538806799301307e+00
-7.883924824925031549e-01
-2.182684604114184523e+00
-7.122943798389651526e-01
-1.298439573663839663e+00
-2.469904346622107560e+00
3.403144338620867071e-02
-2.387293472101343905e+00
-1.337217473226038678e+00
-4.211389929552338263e-01
-3.192494105185868403e+00
1.328920326413821351e-01
-2.166440730359275868e+00
-2.407340236758939156e+00
4.142501532224304728e-01
-3.556902727568363343e+00
-3.170342466080625643e-01
-1.203011386041330955e+00
-3.446700284189778252e+00
1.129142277113949655e+00
-3.635224077536077125e+00
-1.110890896960007979e+00
-1.054024086769655977e-02
-4.240811993830952531e+00
1.209017632373681206e+00
-2.737885512100002305e+00
-2.288484875117542394e+00
9.130812696043163479e-01
-4.850921225055814467e+00
7.728842702775550189e-01
-1.656957493103792700e+00
-3.582208887594088509e+00
1.772685028008025965e+00
-4.586279943319815366e+00
-1.499078511671059211e-01
-1.134590071763939279e-01
-4.784739553164219394e+00
2.289852876131357462e+00
-3.828877115372186779e+00
-1.580463596455083719e+00
1.235779128912645186e+00
-5.233469068082755804e+00
1.674970012551638687e+00
-2.240283112735040216e+00
-3.037655125714176396e+00
2.107360464376665021e+00
-4.937581937680238120e+00
7.388897526738534838e-01
-7.382662169812290731e-01
-4.215891357880179768e+00
2.651005128887346629e+00
-4.213649231220564673e+00
-7.094645205348897310e-01
8.565339896256423113e-01
-4.850261901356360816e+00
2.207364002881433862e+00
-2.777052767230534958e+00
-2.020428266349577395e+00
1.818504344850878640e+00
-4.753294313463474197e+00
1.478420150302580893e+00
-1.352659298035437718e+00
-3.108313810523054777e+00
2.316204339880692409e+00
-3.857050483060317170e+00
3.452642174495209049e-01
1.401315589428431263e-01
-3.486144111372328602e+00
2.261973843090239189e+00
-2.740137919833147695e+00
-9.256823879197637606e-01
1.265962269779099092e+00
-3.300993882640412824e+00
1.604157147728621391e+00
-1.110416263170886264e+00
-1.803695338808342541e+00
1.554613765955519700e+00
-2.797489815964135929e+00
3.330097575044910774e-01
-7.561085750348504886e-02
-2.054942450651609853e+00
1.723173180849728148e+00
-1.888067566490937210e+00
-1.430435483157928567e-01
7.296180687740175808e-01
-1.738119309184941397e+00
7.987498386558921082e-01
-6.110060859666440747e-01
-6.835320137174004662e-01
8.436686001592305084e-01
-1.031799493152887770e+00
1.601446141668043666e-01
3.160670982266137741e-01
-7.473425927386433409e-01
5.536156730224091049e-01
-1.206495326814366054e-01
-2.448069218870479735e-01
6.670928657343498935e-01
-3.514913533652627708e-02
4.687716260174470961e-02
7.547419840712222827e-01
-2.543484239819937542e-01
4.362570195105669457e-01
7.937584960379732157e-01
-4.968985325815848952e-01
1.476263401937312203e+00
2.555382124277156830e-01
5.524362201181882981e-02
1.772892012254509764e+00
-9.580445309997543957e-01
1.367403074840310762e+00
1.159329895792587717e+00
-7.509329862094452634e-01
2.565583834824984866e+00
-6.232983654421455633e-01
8.200619183677916313e-01
2.166033587142297545e+00
-1.387343165242714171e+00
2.744639941859650989e+00
1.607729242161556882e-01
-1.036183599591251198e-01
3.028078974929954370e+00
-1.718277652295228997e+00
2.561169936287851723e+00
1.374780412305069754e+00
-1.130181042529339708e+00
4.210558608704024763e+00
-1.463720842187578253e+00
1.357854711287230121e+00
2.707767331906980157e+00
-2.073417110727330037e+00
4.285391989012057756e+00
-3.933621724862985669e-01
4.147256747796572163e-01
3.993318431515758604e+00
-2.384299749092048337e+00
3.823106313431085201e+00
9.798484762731792808e-01
-8.978678680277785151e-01
5.083520234473659194e+00
-2.139432224202494126e+00
2.732574566299728058e+00
2.382261641656233664e+00
-1.843067869074909382e+00
5.251895634333220819e+00
-9.042382968716360381e-01
1.270379528212026043e+00
4.060645663941551575e+00
-2.368056258386190382e+00
4.791525905967749743e+00
2.798050169419051270e-01
-1.335478500025653048e-01
5.012854504148136492e+00
-2.227549939916769084e+00
3.829518128699568535e+00
1.988214629482452755e+00
-1.039999490384519554e+00
5.201697227490971187e+00
-1.428272402136504526e+00
2.268786085261170982e+00
3.255315600639513196e+00
-1.870113698038822658e+00
4.802606206577036296e+00
-1.755722377344553220e-01
8.273001846301862860e-01
4.224895023515293779e+00
-1.588892768495962837e+00
3.803500222851804669e+00
1.251579050492983791e+00
-3.667194429761126417e-01
4.417937542850452814e+00
-1.016209389524242557e+00
2.415125298369137585e+00
2.358275972650420549e+00
-8.623384796379774953e-01
3.931302818909225394e+00
-5.361721465043481349e-02
1.355161332160216503e+00
3.064973524239414715e+00
-7.086594996547963543e-01
3.141948801686909931e+00
6.054274246893365241e-01
5.903100630802874393e-01
3.001584116285712422e+00
-1.773081496080317621e-01
2.122888585906245407e+00
1.737678628737642894e+00
-2.906219278399349570e-02
2.642671498098413174e+00
3.746756685157482947e-01
1.243655254340062077e+00
1.899472021284260181e+00
2.145792445771446399e-01
1.569772851991332097e+00
1.082711744824586653e+00
5.344537004846010575e-01
1.673230156893603437e+00
8.851962912134743178e-01
7.375743828501866162e-01
1.543024331035524943e+00
4.975809904582359500e-01
9.541613739469048117e-01
1.466425296004716161e+00
1.150117020878127783e-01
1.323560025738845791e+00
1.177616126473280511e+00
1.483334306599204955e-01
2.004586936386244300e+00
2.154626899247644167e-01
8.299082331811025171e-01
1.700428425278395661e+00
-9.540023114251606762e-01
2.298607698397055810e+00
3.535040042350422462e-01
-2.631854242295652568e-01
2.467884867124941373e+00
-1.260159117616111768e+00
1.317309333760249057e+00
9.862893298456639757e-01
-1.552069018014611945e+00
2.717643716277794219e+00
-1.436448452655791463e+00
4.331343659538488544e-01
2.053227392013175834e+00
-2.536656639609455866e+00
2.829406290346693442e+00
-7.082215437213877918e-01
-8.320575581627298600e-01
2.935116257119472660e+00
-3.039538881503007772e+00
2.013575435015026116e+00
1.530974009753128806e-01
-2.501709304491623875e+00
3.184066653114604684e+00
-2.869052622026148747e+00
6.019132095004667837e-01
1.629048847310732295e+00
-3.692452752485673173e+00
3.240977282965551431e+00
-2.151042153534797663e+00
-8.764500197680767934e-01
2.797345897124687841e+00
-4.029904131143592139e+00
2.374295159504994590e+00
-9.622006214058704821e-01
-2.533721630732528762e+00
3.413648545960209724e+00
-4.120658423457921771e+00
1.161803917188447777e+00
6.847001048400457313e-01
-3.820531642093347724e+00
3.043408552229024178e+00
-3.269899850006353859e+00
-5.115310722416955835e-01
1.746540909279070686e+00
-4.466407574022865035e+00
2.458054630833937271e+00
-2.058434196919118442e+00
-2.179860345325758786e+00
2.292386508832044090e+00
-4.518132029755560275e+00
1.297828678226553567e+00
-6.542096742802933074e-01
-3.372744140826892778e+00
2.328173095115632751e+00
-3.797826288615657297e+00
-4.427242747853625815e-01
3.248802539715319737e-01
-4.266319191256989996e+00
1.856503501911687115e+00
-2.771585670697905623e+00
-1.785346624476900956e+00
1.052798552019739375e+00
-4.327190589774750684e+00
6.371487283487827780e-01
-1.501299826503998291e+00
-2.860649945894815804e+00
1.316840103108146476e+00
-3.396146394401255986e+00
-4.282231952830697352e-01
-5.908489570527465373e-01
-3.392681514296970402e+00
5.702058896841065705e-01
-2.401473035052856808e+00
-1.570246205533474493e+00
-1.242111612915655638e-02
-3.124716087467803050e+00
-9.547498700803092042e-02
-1.805175916601507335e+00
-2.317082389689983923e+00
-1.939755856689459879e-01
-2.348281167311103701e+00
-1.090885598248137356e+00
-1.109556682552075735e+00
-2.267451072823921443e+00
-8.068328761901070179e-01
-1.739236795998994278e+00
-1.921220040430981379e+00
-1.012152754895371709e+00
-1.871369487099710849e+00
-1.712291397483294286e+00
-9.794001356023402938e-01
-2.098921309234921484e+00
-1.485350104791181236e+00
-1.210483890346669922e+00
-2.345218484554508986e+00
-6.907886834174407076e-01
-1.863389582846394887e+00
-2.364947448949238584e+00
-4.393592115373430307e-01
-2.678557254944162302e+00
-9.887996120196703709e-01
-9.274154239753968909e-01
-2.906994311461002400e+00
4.386164034849820981e-01
-2.637382231557594547e+00
-1.588720205136994190e+00
2.504832667074554098e-01
-3.731412406124689607e+00
3.453534521135546154e-01
-1.751488770996118660e+00
-2.506229139422954777e+00
9.409429184279182179e-01
-3.782354367172934051e+00
1.000795516387284478e-02
-6.238417955772003198e-01
-3.596997295778263215e+00
1.626535889611109953e+00
-3.378389069599555761e+00
-1.104335483943713170e+00
8.707028361272766137e-01
-4.488120852412235351e+00
1.638244631006875895e+00
-2.349640267654850234e+00
-2.429245883276016205e+00
1.992514894988685503e+00
-4.348634759079387457e+00
1.096682384315929681e+00
-8.836606941860054576e-01
-3.684965163480840467e+00
2.770370129849500263e+00
-4.097909635477737567e+00
-1.343056688786272573e-02
8.131215493473310518e-01
-4.530037179196509278e+00
2.759614905664766749e+00
-2.850154237020782855e+00
-1.501501498918098143e+00
2.092721348818514127e+00
-4.552775104198944156e+00
2.314487446832974804e+00
-1.243297025029115987e+00
-2.509306245539289382e+00
2.942347940818045071e+00
-4.180963271368693945e+00
1.081306926245608091e+00
4.334565695620429260e-01
-3.566545872743196455e+00
3.505430064437994986e+00
-2.961293199483332028e+00
-2.737784397759343569e-01
1.858359436048611091e+00
-3.893397898351477870e+00
2.722598844366854287e+00
-1.250782605877588161e+00
-1.339083011104083010e+00
2.811196312365342287e+00
-3.382037615023576915e+00
1.968812395239851076e+00
1.513000126630460740e-02
-2.192554795247277255e+00
3.163946608172761632e+00
-2.264615816548166460e+00
8.291940460153740533e-01
1.420079574080651774e+00
-2.300848719281562982e+00
2.885488489895978503e+00
-1.030402166954243137e+00
-1.766430187990007117e-01
2.256836061755305156e+00
-1.941325508308852976e+00
2.110927965635497117e+00
2.194394482082324960e-01
-6.489992304341102303e-01
2.440536241586390709e+00
-1.111599576814737977e+00
1.305459458163134689e+00
1.263690176343564397e+00
-6.686344423140730964e-01
1.980385792585244387e+00
9.908630691471326246e-03
5.808006726721540725e-01
1.448216813438960138e+00
-3.137085231672172569e-01
1.304062828824569475e+00
8.575143202874493387e-01
2.984724808949011932e-01
1.563749168328254058e+00
6.536528330769290074e-01
7.242121990005186971e-01
1.503059728103203208e+00
6.273399137595474517e-01
8.916695545965842573e-01
1.448733193431574362e+00
4.070109154623898218e-01
1.462570097308274031e+00
1.305346467784207265e+00
2.783508166153087493e-01
2.071088628230467243e+00
4.237978229978985878e-01
1.083072698661030842e+00
2.288989501604223875e+00
-2.432670204355261434e-01
2.424451917700989334e+00
1.221376985574372132e+00
2.964712878576695188e-01
3.173681425984982152e+00
-5.054955303974660863e-01
2.224788426485563075e+00
2.119456545407661707e+00
-7.221414942377267776e-01
3.744275195656042055e+00
-4.939954835154096446e-02
9.547732876807926150e-01
3.344731126686413258e+00
-1.282059308716004153e+00
3.673179718091150736e+00
8.482754664372518238e-01
-3.078737968306182599e-02
4.573125125653756839e+00
-1.382500708201483963e+00
2.937823342079469935e+00
2.112486919668228325e+00
-1.112353214644888233e+00
4.940623101794672678e+00
-1.019408185441961434e+00
1.784948065628653602e+00
3.724049658482792236e+00
-1.925358605811649637e+00
4.719862612130471646e+00
2.918212742397806592e-01
3.621530092371099685e-01
4.850052896941884129e+00
-2.071812568938806720e+00
3.769357596535435118e+00
1.654069655706779551e+00
-1.014748700998113984e+00
5.385385898113967507e+00
-1.583004234567879642e+00
2.508002311654724092e+00
3.070909616929109909e+00
-1.959420633741676854e+00
5.182391038360934843e+00
-6.542018764752135507e-01
1.079242895485972742e+00
4.356254392623955418e+00
-2.393831852925482284e+00
4.378548739413743007e+00
6.296181421466792161e-01
-5.881384793962594060e-01
4.859931788609356929e+00
-1.989079031777602813e+00
3.203392388135843927e+00
2.061024227655197993e+00
-1.447751967429709019e+00
4.799810641855438931e+00
-1.147894007161765817e+00
1.597030209902002174e+00
3.208907346597491550e+00
-2.098820450566925011e+00
4.124074230164525900e+00
-1.261752088658722459e-01
2.794781384883271436e-01
3.645142024841246720e+00
-1.812003644486329446e+00
2.946048173429195227e+00
1.151986552174778522e+00
-9.422570419559721522e-01
3.605528314892285202e+00
-1.172036508594876292e+00
1.617454842602631837e+00
2.072235647146802862e+00
-1.305387818713978909e+00
3.151860430474986874e+00
-2.370341474981998431e-01
3.235014626956486117e-01
2.141287991261350054e+00
-1.159284976169342229e+00
1.775492985170943783e+00
6.896347984969173339e-01
-7.593861507225885266e-02
1.894254162694600119e+00
-3.706543647340712622e-01
6.740045253872422037e-01
1.019904158545789974e+00
-4.099476271566407926e-01
1.312720400863840897e+00
2.075944053878783224e-01
4.583447833613951694e-02
1.051087280662935663e+00
-3.843409130398878909e-02
1.916717075336143439e-01
6.714715874160559483e-01
-3.207363300362837677e-01
1.869966321513964191e-01
6.681161363542768017e-01
-6.706901296075051810e-01
8.929688920210741010e-01
2.554263069287077137e-03
-4.937640841100174316e-01
1.111921887605261450e+00
-1.109245103073020600e+00
2.439823545209378053e-01
5.486933353583971495e-01
-1.593548989405321414e+00
1.463605272206241148e+00
-1.080210680716575444e+00
-5.463236721413013974e-01
1.342278193523471552e+00
-2.296817269655365035e+00
1.010117297347688403e+00
-5.268429951870358119e-01
-1.944265578858733301e+00
1.966997685449432209e+00
-2.711238596216005714e+00
5.160978233290414163e-01
3.366657022011455558e-01
-3.089900876148119480e+00
2.066190747223800361e+00
-2.460264577154058330e+00
-9.944576514936955824e-01
1.486217234499062956e+00
-4.057552982372043537e+00
1.882284878963699004e+00
-1.524166913027705794e+00
-2.482562957594365738e+00
2.269520793848613049e+00
-4.292825852268812525e+00
7.640661568535289661e-01
-3.678693466744485940e-01
-3.785721241444286456e+00
2.659151289722998524e+00
-3.589038446277830197e+00
-6.558154721946418686e-01
9.208396432188952208e-01
-4.591053758171663723e+00
2.214365438304816802e+00
-2.692522487434797274e+00
-2.455895191841160674e+00
1.969240144576087426e+00
-5.079531364532722471e+00
1.440647837956768207e+00
-1.211025830229490952e+00
-3.624936855089043952e+00
2.425734350459555877e+00
-4.460317800872378058e+00
-6.970543046701249690e-02
9.447738700676204526e-02
-4.835020215198211346e+00
2.182346597194800175e+00
-3.667540292015659009e+00
-1.818295543272852699e+00
1.195476996754941235e+00
-5.231874068313079995e+00
1.492268447457158365e+00
-2.328133703731253057e+00
-3.264856904594136466e+00
1.855978452943310542e+00
-4.738858130154832260e+00
1.348285895145163726e-01
-1.004083421304009960e+00
-3.905371755387482491e+00
1.451876352653763913e+00
-3.668930807147174900e+00
-1.051057514999429232e+00
2.291710933438838305e-01
-4.337894504711038657e+00
8.035873085103426572e-01
-2.779308945094900452e+00
-2.558987825950648443e+00
6.222448585536847210e-01
-3.812585790516827000e+00
3.865696873502211250e-02
-1.602497154609975549e+00
-3.105997984409972990e+00
4.527438713350907529e-01
-3.164400926127893587e+00
-1.259250871417235906e+00
-5.919374879752667962e-01
-3.083331966376213096e+00
-3.723239795095761862e-02
-2.057067171744365375e+00
-2.060414931906829228e+00
-2.668243908963183753e-01
-2.424556647583394398e+00
-8.165199964524499920e-01
-1.385100596495558944e+00
-2.019010722974370786e+00
-6.391496114191490552e-01
-1.682217448767269641e+00
-1.515917061156889734e+00
-6.288308067410162128e-01
-1.966976950089759590e+00
-1.199187789138508098e+00
-7.339209798683105079e-01
-1.997633037665988098e+00
-8.456394316648792042e-01
-9.167735203409801414e-01
-1.826627039997748225e+00
-2.991179397807380846e-01
-1.775979677001278789e+00
-1.256062588401807290e+00
-1.923742708426831594e-01
-2.433439363305737846e+00
-1.838697315938091492e-01
-1.135436717844396703e+00
-2.165517730467959812e+00
8.550347803088120813e-01
-2.372101651948761436e+00
-3.648910380065651937e-01
9.374166278244139283e-02
-2.993370068142004126e+00
1.107765633298881891e+00
-1.760882158089422722e+00
-1.405448650412334910e+00
1.259812410653754489e+00
-3.354092281264008157e+00
1.187400416272086368e+00
-8.468346771840884468e-01
-2.415816964871926320e+00
2.237959675581406849e+00
-3.332512931959882518e+00
5.334862168337679567e-01
5.366547334381803758e-01
-3.461949971564234119e+00
2.802225109439621775e+00
-2.331059252567891260e+00
-7.342433060661963662e-01
2.162024387785646429e+00
-4.037298407740363970e+00
2.562018359861066408e+00
-9.809348183063777427e-01
-1.901794284831107573e+00
3.240982362240533377e+00
-3.833241259825552305e+00
1.885699093354442635e+00
5.055266830936373523e-01
-2.975459516666004500e+00
3.909459303976817957e+00
-2.816788093500087076e+00
6.769749231231027009e-01
2.226833200212308572e+00
-3.665227170532783241e+00
3.717009264732641149e+00
-1.469981287794600799e+00
-6.773646701242530543e-01
3.344186413040349581e+00
-3.404099346211490129e+00
2.932689964024188356e+00
1.600997429265447192e-01
-1.802085611824429723e+00
4.092304497191404877e+00
-2.806332249255558242e+00
1.813520225748009418e+00
1.828531794083193995e+00
-2.376552369042723711e+00
4.150707141343353612e+00
-1.678529729337138399e+00
5.420420190299648500e-01
2.890067020087676131e+00
-2.621188832979603589e+00
3.409206835248162815e+00
-1.633219479704347554e-01
-6.411097413975846981e-01
3.637222270964512116e+00
-1.939784504723385039e+00
2.465316703222617978e+00
1.544647060461094679e+00
-1.247042119788382086e+00
3.720893476095622265e+00
-8.906061430864141704e-01
1.443689679061517239e+00
2.503367084509626306e+00
-1.173293284899332267e+00
2.982302670592965832e+00
3.923983160119727809e-01
5.975967797339389875e-01
2.701551019737601145e+00
-5.646219598365646020e-01
2.066217559685898486e+00
1.609236107631022650e+00
1.378621289726942867e-01
2.619276918132118048e+00
3.000163116616660353e-01
1.439027538213600632e+00
2.000065382389592639e+00
4.472826413686853964e-01
2.195449152677081628e+00
1.218933205118393204e+00
9.697190941552575882e-01
2.043464564161378227e+00
9.601704145311352745e-01
1.431914297570946903e+00
1.917401403191333120e+00
8.619993756455237577e-01
1.655931844963952182e+00
1.884354549262696077e+00
7.299269414500532127e-01
2.191168758168171138e+00
1.344788144673023655e+00
8.944497690963236769e-01
2.610130679408369847e+00
5.392083817646304844e-01
1.662825195014146828e+00
2.322478528463670866e+00
1.133990565634892950e-01
2.930084597143141067e+00
1.078298616495551698e+00
9.886094299727116175e-01
3.409207442905606289e+00
-1.491765950614803715e-01
2.833647443730035853e+00
1.722821116499122285e+00
-1.707596456665257389e-01
3.866921181408779162e+00
-3.146168971367225842e-01
2.002502094586793735e+00
2.901938199258568218e+00
-1.140709646867098304e+00
3.751897507561470668e+00
2.175435493652115582e-01
8.514195460723785747e-01
3.824703394212672691e+00
-1.792963287163361397e+00
3.574425560106293087e+00
1.209699625183998872e+00
-4.299678649873717173e-01
4.744058492983787900e+00
-1.679610028485370998e+00
2.536008360565244590e+00
2.481510922448737499e+00
-1.689699936186085161e+00
4.873214198915627904e+00
-1.057076948292269059e+00
1.068305423395551568e+00
3.663905313240312989e+00
-2.518248164996007787e+00
4.151802457124504464e+00
2.726230104119435338e-01
-5.190622697667112151e-01
4.535388939855178769e+00
-2.300833048175807694e+00
3.304567620893891000e+00
1.811515985669355899e+00
-1.931790270537792287e+00
4.921894063808145425e+00
-1.919442979281182682e+00
1.630484404988778779e+00
2.967014973323027771e+00
-2.694657909304492005e+00
4.383521978945450037e+00
-7.403776657044939258e-01
-1.622317073137767851e-01
3.728591034593362608e+00
-2.921914395409315635e+00
3.276439850144671428e+00
3.901245023104444321e-01
-1.404124000848361087e+00
4.010253443657705752e+00
-2.349822766817441178e+00
1.838954001771126778e+00
1.360019066071174620e+00
-2.296308776356212000e+00
3.731598681773449666e+00
-1.673978008447452481e+00
3.603252452897265923e-01
2.466027275472007396e+00
-2.561702286946608176e+00
2.635972586978363008e+00
-3.862334088677303878e-01
-8.814636399036864800e-01
2.430937160788207763e+00
-2.331228797895132043e+00
1.448413505588435291e+00
6.324066604230881294e-01
-1.832312576780875446e+00
2.210034993755950250e+00
-1.568346732206827410e+00
1.536553608377231039e-01
1.083799604200361255e+00
-1.750792880273896568e+00
1.353805428791978294e+00
-7.545287060915801813e-01
-8.360810186204220562e-01
1.029797742192214205e+00
-1.395025985518971279e+00
1.957903103269664491e-01
-4.525875486560277522e-02
-1.251372220804405799e+00
3.300766691445730094e-01
-8.429645088646318118e-01
-7.095525973767788930e-01
1.655629451048615808e-01
-1.013452546085094941e+00
-4.699013634281678509e-01
-3.485856556151324392e-01
-1.288565957899804992e+00
-3.212903882489172580e-01
-5.655848957852589454e-01
-1.539808711370893368e+00
1.083392503031225529e-01
-1.328884986793943401e+00
-1.302221066632764046e+00
-3.368696941905124920e-02
-2.273218659627690208e+00
-1.552130210112081798e-01
-7.271053025337580467e-01
-2.075547666181936979e+00
8.435970230068302600e-01
-2.391580024554421868e+00
-9.793306881355908766e-01
-3.550129091263182213e-02
-3.089991362335384295e+00
8.344680746568482466e-01
-1.955554222120626129e+00
-2.077411815480916690e+00
9.343595145295219284e-01
-3.798309616597832505e+00
3.638488229711611122e-01
-1.029218530205857185e+00
-3.254163098402803378e+00
1.509229658711173983e+00
-3.717962583836641688e+00
-7.364554289674527521e-01
1.841682080148999145e-01
-4.314393449764078348e+00
1.810252649441729034e+00
-2.861802637281757100e+00
-2.197945904565060893e+00
1.364749121282849531e+00
-4.885001639630288217e+00
1.216850727081366434e+00
-1.748001583228932621e+00
-3.506472746189132739e+00
2.082211115353798103e+00
-4.860061085793702773e+00
-1.123773144077355457e-01
-3.121605006651541614e-01
-4.788145215291883083e+00
2.222078100881170304e+00
-3.958067731357130636e+00
-1.543160865582450025e+00
9.067295022448484954e-01
-5.330163419356226839e+00
1.625939375512974738e+00
-2.756357245542246037e+00
-3.206078845964596358e+00
2.001328666665987299e+00
-5.390417218097002028e+00
5.832399297421977380e-01
-1.031697117049583001e+00
-4.045575958509839865e+00
2.252734932543210444e+00
-4.442354724664324017e+00
-8.259295947616339673e-01
2.357536486649385588e-01
-5.118416733304917088e+00
1.774963337261000529e+00
-3.281973334672005915e+00
-2.052982227379878566e+00
1.352653692763571058e+00
-4.879252941599938609e+00
1.293403530565295778e+00
-1.934517039527701598e+00
-3.280546581474795609e+00
1.623380993863358768e+00
-4.197428151491744863e+00
-2.822543725587251529e-01
-3.041622176239321962e-01
-3.686921003451943957e+00
1.551177325591558187e+00
-3.002217998898812024e+00
-1.294701706000845887e+00
2.886113152884750566e-01
-3.526874337560530925e+00
6.502240814798462276e-01
-1.821523933529565653e+00
-2.263750292285445997e+00
6.229490145186019623e-01
-3.005412004166800877e+00
-3.151870850959889725e-01
-7.146703116278270151e-01
-2.426830168068844440e+00
4.680679402014795709e-01
-2.112671096294980178e+00
-8.837906309575995767e-01
-1.363594200045193661e-01
-2.008194939181685790e+00
-2.643663332840208158e-01
-1.060549721541337531e+00
-1.352438254821596519e+00
7.184168561069476100e-02
-1.305087286628492382e+00
-7.831490280928353753e-01
-3.310259373595914045e-01
-1.302749374769349267e+00
-4.717504123235325419e-01
-3.565368063047179570e-01
-1.272313040016704422e+00
-1.342061428083331925e-02
-6.129468331201199938e-01
-1.143659779891207817e+00
4.017414351206153311e-01
-1.234182070056980107e+00
-5.331184418348280385e-01
4.597072978449596170e-01
-1.567656700271486736e+00
6.724646580741546753e-01
-6.875362776590924208e-01
-9.517340421094405700e-01
1.443514909669917134e+00
-1.936025020920957740e+00
8.615111582876956442e-01
2.774619291233246798e-01
-1.639255180928606226e+00
2.168237562276406738e+00
-1.469640320137105993e+00
6.146208375007927716e-02
1.678293094531528862e+00
-2.356573040509525541e+00
2.456668116515238864e+00
-7.142214781975647631e-01
-1.044148861026380715e+00
2.685323481054246564e+00
-2.542698645188833151e+00
2.049245232546120565e+00
6.905483534642147259e-01
-2.083826197634738975e+00
3.807809565195443557e+00
-2.204222592476529741e+00
1.242268581924513615e+00
2.109039420051641578e+00
-2.838054629758163472e+00
3.891970556833233008e+00
-1.051533201033786780e+00
-7.176156748242507044e-02
3.672765982968527965e+00
-3.115547692336302354e+00
3.494010164694704379e+00
5.282529383600814699e-01
-1.358802920796276625e+00
4.594316721485627752e+00
-2.708768410583183073e+00
2.635253934339123028e+00
2.054060484024136102e+00
-2.233193342158042327e+00
4.962986365200783290e+00
-1.654872196379686855e+00
1.006625195799809802e+00
3.496990998726527078e+00
-2.681197962613274921e+00
4.374609516117452301e+00
-1.044883033619574408e-02
-2.680825484352686860e-01
4.535336842696269244e+00
-2.430320479135375411e+00
3.457603104754242818e+00
1.726136227059270611e+00
-1.218798711068736607e+00
4.701179247422770935e+00
-1.377676399938160934e+00
1.998186452186960338e+00
2.823805106445726132e+00
-1.798006700538252289e+00
4.469873208806109055e+00
-1.326244684054606604e-01
8.112988111062158225e-01
3.700830540831328008e+00
-1.684089141043539462e+00
3.617798365010682637e+00
9.305771737784938047e-01
-1.404211129357237076e-01
4.245422289978924013e+00
-8.592607768577646965e-01
2.659101804337085984e+00
2.341061455185426965e+00
-4.416164474948264251e-01
3.813214897090892563e+00
1.524341549330991696e-01
1.358897163799953622e+00
2.942921957864792049e+00
-4.167010184427190067e-01
2.927136547997463811e+00
1.292311859894111015e+00
8.481201167852672196e-01
2.962360791941693883e+00
4.209123942233382598e-01
2.022689177151435036e+00
2.039545549712115768e+00
8.453576482454381313e-01
2.497556046101172544e+00
1.216883792096408179e+00
1.156827991083858143e+00
2.146284919388250056e+00
8.779202107339072469e-01
1.581062207471115588e+00
1.831433167950638818e+00
1.033708288568473854e+00
1.980517959387952942e+00
1.551761897125428558e+00
8.898284592534003723e-01
2.153427229165462808e+00
1.001150256166285502e+00
9.913289072863448181e-01
2.258845128259740154e+00
1.051265364147185855e-01
2.046688018309912760e+00
1.613080010476601434e+00
2.371360774267843863e-01
2.844931680492122972e+00
2.418672027447236750e-01
9.738787517943907623e-01
2.460360448071782891e+00
-7.724505090661953899e-01
2.909956283993659465e+00
6.617467975093578314e-01
1.165301326633886997e-01
3.243342178958616540e+00
-1.067215182297744702e+00
2.182517347579938427e+00
1.723920190354993220e+00
-1.301221334603862356e+00
3.879897333608990362e+00
-1.090297830756509434e+00
1.140200648883622492e+00
2.935128659226934111e+00
-1.970495752544169754e+00
3.565805866344362585e+00
-3.620195691787348458e-01
-1.773527228899709762e-01
3.599675982760241588e+00
-2.609517968435246971e+00
2.901686013940627529e+00
8.969978842076162806e-01
-1.645818183690503478e+00
4.337063814537605921e+00
-2.491151839419775804e+00
1.499838426543785630e+00
2.354453316993118328e+00
-3.011543771264344471e+00
3.941680334540807351e+00
-1.328171862625628030e+00
-1.612521469158875453e-01
3.242292351919330962e+00
-3.448045839916922706e+00
3.218020809707837326e+00
-5.035467223356318023e-01
-1.938264670589875838e+00
3.882963903550238349e+00
-3.357582688126664827e+00
1.825645917718790923e+00
1.079005081188457060e+00
-2.873126980352714632e+00
3.720249803465451421e+00
-2.797945970170631291e+00
1.009779618758749886e-01
2.152435660725191102e+00
-3.608991942376322370e+00
3.076900370160402520e+00
-1.371539370708549033e+00
-1.448706933804061903e+00
2.926400248504352763e+00
-3.769624562275674329e+00
1.861825166750354255e+00
-3.643204620272075811e-01
-2.417484950825100398e+00
2.994848635651066626e+00
-3.013888559319935379e+00
3.285826716515216628e-01
8.436166208665553112e-01
-3.269426153694817927e+00
2.333390741500040555e+00
-2.307119053103339645e+00
-9.069175227141115236e-01
1.385375679867040466e+00
-3.256999533453805551e+00
1.136212025500685119e+00
-9.528827139751583353e-01
-2.148846043833470443e+00
1.361551576611218506e+00
-2.758538013592989113e+00
-1.283402908417625998e-01
-2.546753039070100977e-01
-2.594983352303879887e+00
8.191735622521967297e-01
-1.955189347280811507e+00
-1.219088564938417552e+00
3.506878717938925749e-02
-2.406838488020699440e+00
-2.747200679158698922e-01
-1.138945967425708528e+00
-1.628172718526956997e+00
-4.734741778271525092e-01
-1.862501385855004354e+00
-1.212112924655390112e+00
-7.826915162110666957e-01
-1.725181182077885733e+00
-1.216159018051465646e+00
-1.079176580717835732e+00
-1.982512151111875065e+00
-8.573827604607905384e-01
-1.283080501052304090e+00
-1.920560951322685561e+00
-5.225127575594794571e-01
-1.823127200097769407e+00
-1.559673490331796586e+00
-5.919258421298385642e-01
-2.656293116504951257e+00
-3.372877497721769036e-01
-1.542280349865396527e+00
-2.436994787552925867e+00
1.074161034559203420e-01
-2.876566356863404561e+00
-8.085463189372285031e-01
-9.534157044520145119e-01
-3.367057926618358010e+00
6.064844803655845551e-01
-2.859897955893917043e+00
-1.642450403261566327e+00
2.245947530210794518e-01
-4.159707984142884563e+00
5.764700078626767699e-01
-1.939748598033620652e+00
-2.973987175798916915e+00
1.261384472165012482e+00
-4.340951831619165979e+00
-5.309973030821504847e-02
-9.207772628030063133e-01
-4.145627395198177467e+00
1.851700924397973402e+00
-3.695903524804163176e+00
-1.378481546742506669e+00
4.938410565721169099e-01
-5.085566742235593019e+00
1.537776338008911114e+00
-2.576478156667242114e+00
-2.733029693785571368e+00
1.805163590496512205e+00
-5.234065154613481319e+00
7.539284912919465009e-01
-1.396544737691338245e+00
-4.038049747678717161e+00
2.433708830852799210e+00
-4.641953617695273593e+00
-3.814086211434833396e-01
1.833084741761384084e-01
-4.805267338982769587e+00
2.408893176802016534e+00
-3.426497292961335095e+00
-1.789934815598280826e+00
1.534783589464538522e+00
-5.288523808478295507e+00
1.695791605226262266e+00
-1.842575316235509186e+00
-3.045749862302386202e+00
2.332131040086470986e+00
-4.716891894127236640e+00
7.253917782558281235e-01
-3.608120473216738788e-01
-4.025568275170200216e+00
2.606135604163655195e+00
-3.704064617540818727e+00
-6.971459933291860311e-01
1.016174772506545754e+00
-4.283459192124509762e+00
2.207289665100902187e+00
-2.171810859575174835e+00
-1.871378804967603227e+00
1.674426334210916467e+00
-3.675203723480418461e+00
1.195587073179790183e+00
-7.269089556276316921e-01
-2.682209735541015494e+00
2.071575759894284996e+00
-2.961473192063808657e+00
8.131695510528033632e-02
4.641752669929181674e-01
-2.777819694195226230e+00
1.701287137814624373e+00
-1.639338482363895677e+00
-6.097358078758192690e-01
1.131109606678408985e+00
-2.503256949530252129e+00
8.299406985215089794e-01
-6.204819888732104882e-01
-1.395123061882624471e+00
1.180090394460621361e+00
-1.571910484391285445e+00
1.716436316419504560e-01
2.910509959894956311e-01
-1.254699041040789220e+00
8.785772157801267079e-01
-3.245211463091301485e-01
-3.419103654545933013e-01
7.143297730097077913e-01
-5.633228643848579020e-01
2.614995257038384979e-01
5.449993814480885712e-01
-3.503112108378643175e-01
6.285539930236681005e-01
3.134510385979201175e-01
-2.761982427328218970e-01
9.722631120665459203e-01
2.440515608859374075e-01
-2.673430929612109486e-01
1.491398318697286340e+00
-5.517700908409076677e-01
9.929308512949677201e-01
1.107449554714420525e+00
-7.420842543901420285e-01
1.856890265937499507e+00
-1.922907019113044291e-01
2.344236030147207328e-01
1.984259057966900386e+00
-1.017601200519734794e+00
2.292166654767696876e+00
4.527289330559511327e-01
-4.984207574626074999e-01
2.957794650907653811e+00
-1.312948683729650678e+00
1.551118647780618920e+00
1.684658154346152958e+00
-1.258648682332960345e+00
3.622031020237184595e+00
-7.317017323298511400e-01
7.503608277542237470e-01
3.157897369683599909e+00
-2.025187780909872615e+00
3.671863093627031560e+00
3.009206823251707741e-01
-4.533138153812541482e-01
4.230687597726198845e+00
-2.074200214184068081e+00
2.925315661669145140e+00
1.931778755782825652e+00
-1.549049011002360698e+00
4.819371149815176558e+00
-1.402491839333453560e+00
1.696313870039418248e+00
3.291245846946964537e+00
-2.396618805344598702e+00
4.764524844239492296e+00
-7.559698675197673579e-02
9.008645464488199139e-02
4.644201586737613852e+00
-2.341021898858932637e+00
4.025073626377105640e+00
1.426448931578304213e+00
-1.033901956164886116e+00
5.116278565607480289e+00
-1.730612905180879846e+00
2.648138780762595346e+00
2.956548916138359573e+00
-1.975727560653960158e+00
5.319495697716792648e+00
-6.515749390241377670e-01
1.170163708226258592e+00
4.150966433302355263e+00
-2.109050866528414225e+00
4.676489221925890227e+00
6.997215540530900002e-01
-1.719976569255211030e-01
4.909409585105140472e+00
-1.772464796804558151e+00
3.208473932928942229e+00
2.222659636625714530e+00
-1.130943340479480419e+00
4.797919447046187003e+00
-8.986962529119304488e-01
1.787703498216036913e+00
3.371569340064496600e+00
-1.340711724054713283e+00
4.280251453301367803e+00
3.394606795896676354e-01
5.941407035553707416e-01
3.741720474769095084e+00
-1.172028895637942991e+00
3.282204341153914573e+00
1.318076882091849811e+00
-1.767965477536500019e-01
3.599657020853319622e+00
-3.015965139766398906e-01
1.672423513834769615e+00
2.296711767051893283e+00
-4.704525395897738993e-01
3.026178373493499496e+00
4.792354087768239679e-01
9.779281062812258396e-01
2.470884665532055990e+00
-1.600001437767006041e-01
2.019541606284999791e+00
1.251901031823734911e+00
2.898054495505780759e-01
2.072255566155222439e+00
3.880552132838830381e-01
9.519818660887952033e-01
1.673320571455447547e+00
3.214322338531402923e-01
1.370072082375805245e+00
1.228342029222281528e+00
3.106035264481641911e-01
1.453807524558767827e+00
9.667715576886952711e-01
5.914787323699537414e-01
1.506794811531212197e+00
3.802826955496469985e-01
8.014084569326821450e-01
1.581761412757737517e+00
-2.899948919889661636e-01
1.644274157298377892e+00
8.511301433733559074e-01
-1.228745446828442001e-01
2.285418646797181541e+00
-7.644153364155730213e-01
1.017078311721477446e+00
1.455146317481307960e+00
-1.320618071733575594e+00
2.347026069148967942e+00
-4.912206526132311679e-01
-1.110861822723228781e-01
2.321414204985772667e+00
-2.085043087370105130e+00
1.983893868482424550e+00
2.409469830851488636e-01
-1.450588696299396796e+00
3.051878198000474551e+00
-2.207268444938401242e+00
1.196077748074025227e+00
1.239025821645101111e+00
-2.702154703039211014e+00
3.092195371123087622e+00
-1.953367336481951710e+00
9.014300829573518303e-02
2.192560250837236158e+00
-3.380227684893530871e+00
2.577864586081219045e+00
-1.043625879595429851e+00
-1.903603894239319638e+00
3.129997589839084604e+00
-3.800447662434145890e+00
1.680468765092550276e+00
2.961016661014017615e-01
-3.182042192660670121e+00
3.581127457164174910e+00
-3.309590557458421234e+00
-3.337912697726030942e-02
1.736350579063327126e+00
-4.237877979296257536e+00
2.984358647180177737e+00
-2.273512551419774930e+00
-1.600605750536184146e+00
2.459353303855992934e+00
-4.473028038642634208e+00
1.890434733044704885e+00
-9.774397906583273121e-01
-2.927163510716375150e+00
2.966944990698649587e+00
-4.301429038584809739e+00
3.887482762837927153e-01
4.661630680933457338e-01
-4.102553151089357364e+00
2.625546591511293215e+00
-3.145060429203992314e+00
-1.169510060345986924e+00
1.429350554379835714e+00
-4.353105720692217240e+00
1.706570348860192210e+00
-1.854148617970028168e+00
-2.781704619894909580e+00
1.893037343241029014e+00
-4.010128218758345575e+00
3.601389685068019375e-01
-5.624125069557305290e-01
-3.507037534868632900e+00
1.479927081671201350e+00
-3.329069176270550212e+00
-9.793317664857995597e-01
3.048512756776714516e-01
-3.745834290743574435e+00
7.128065550348307022e-01
-2.402041770028334522e+00
-2.196667341563911968e+00
4.944770236772252914e-01
-3.461683015814226216e+00
-1.246193554092135392e-01
-1.288235867874341745e+00
-2.532774506428134398e+00
3.018507091763424910e-01
-2.639657064366131678e+00
-1.312460621387431026e+00
-9.281347803637136629e-01
-2.533826927407453855e+00
-4.532177051814827440e-01
-1.821791209502112041e+00
-1.885146188274788637e+00
-5.319221195920871281e-01
-2.243816159187443038e+00
-1.434968296318279712e+00
-1.279150363522715717e+00
-2.170709539590356840e+00
-1.091478790519056385e+00
-1.568446996282474526e+00
-2.029950478548165016e+00
-9.242391792447042231e-01
-1.782700939900831116e+00
-1.939229357544693055e+00
-5.961802739514679983e-01
-2.392297460852281343e+00
-1.309465213259297434e+00
-9.281725749005669268e-01
-2.777632249090072669e+00
-3.021276966054140534e-01
-1.963613713014423112e+00
-1.969314768202388599e+00
-9.366441389119020688e-02
-3.085125042587966160e+00
-2.336612899933624699e-01
-1.342035004716126911e+00
-2.968561549225188223e+00
6.556109037652589899e-01
-3.410659359072103936e+00
-9.692404578853310859e-01
-1.089184994367540377e-01
-3.686964535061778570e+00
1.061468065884399126e+00
-2.646577755403791254e+00
-1.836625764161822438e+00
1.205055902302689885e+00
-4.194322275019181312e+00
1.019705101229694488e+00
-1.286703085054470286e+00
-3.204937190980971629e+00
1.884488369840285449e+00
-4.052989243559851573e+00
2.558809303800039237e-01
4.441145010880264560e-02
-4.151960959387335670e+00
2.390814070682580894e+00
-3.327626738010952323e+00
-1.135944613819307447e+00
1.474192116806816610e+00
-4.763267485171151172e+00
2.123433526272414884e+00
-1.831168055803052752e+00
-2.633690533687808255e+00
2.642779848879829974e+00
-4.284327369185092493e+00
1.304269209717027422e+00
-2.520254044693862050e-02
-3.706321664689404827e+00
3.063891421278216676e+00
-3.507178267060009347e+00
9.944697030521565395e-02
1.542997464893107296e+00
-4.279248636394291871e+00
3.009690313477142443e+00
-2.183454100147667720e+00
-1.586362291048176942e+00
2.777714357513074717e+00
-3.930475301563902679e+00
2.251586950027148593e+00
-5.522288956160412710e-01
-2.339137378381483945e+00
3.351305044111289710e+00
-3.467578784763842403e+00
1.167388685272300997e+00
1.026554343348783815e+00
-2.882722283341894176e+00
3.316193326021719567e+00
-2.091178545563941782e+00
-1.667629869071934889e-02
2.079866196670289380e+00
-3.105681715447299318e+00
2.615961536004807630e+00
-6.140772945900471180e-01
-1.196396778493895363e+00
2.969013648996906340e+00
-2.271776028920442059e+00
1.499727342310933409e+00
5.300595142121627967e-01
-1.762378867173568064e+00
2.901584535661096975e+00
-1.355604037946042340e+00
6.051880829144267171e-01
1.540740461356350899e+00
-1.457462171226158398e+00
2.072607736555276858e+00
-1.079619836638378294e-01
-5.090654926307913719e-02
2.009280278476739401e+00
-7.104191884724812001e-01
1.567121574923244332e+00
1.143598672115728521e+00
-8.766250665921057617e-02
1.767615219706325957e+00
1.122019108207358284e-01
7.594305860005170494e-01
1.433839645277685371e+00
2.635531992449438032e-01
1.218403779475579096e+00
1.180188957045832820e+00
3.660084211411131494e-01
1.560218498745798765e+00
1.063362356691685218e+00
6.616156033848957785e-01
1.802541753034693439e+00
6.683125123381490340e-01
9.306058177212903626e-01
1.930872427072785502e+00
2.267398126205023290e-01
1.839812312184457843e+00
1.346723848220443331e+00
1.393918927080851078e-01
2.832839165161080697e+00
5.806498122271000484e-02
1.496201093310872032e+00
2.401689144141769372e+00
-6.199944888458142067e-01
3.122501565358718256e+00
6.861098305618245075e-01
6.186956459004873121e-01
3.394522378030442766e+00
-9.959811988376072733e-01
2.618840160647721405e+00
1.548740765252965890e+00
-5.452468004138562030e-01
4.203463274056709942e+00
-6.684791304044519489e-01
1.928777547558235606e+00
2.914466265399688005e+00
-1.242399404832868370e+00
4.547551969280295481e+00
-2.478415348920612327e-02
7.112635835370437754e-01
4.164300060241849621e+00
-2.008219099006734343e+00
4.183550636006586387e+00
1.274354264850248386e+00
-5.172308135434725562e-01
5.218753689696235654e+00
-1.709446418280409885e+00
2.798240697126785914e+00
2.596885651524019067e+00
-1.824206776004781316e+00
5.146750565883430717e+00
-9.179181310924232617e-01
1.524536699750493218e+00
3.997765821912131035e+00
-2.207581296351570632e+00
4.789377197467693748e+00
4.029021044796721740e-01
-1.509270037750889970e-01
4.813374841273254212e+00
-2.287899676714444386e+00
3.882366298227073464e+00
1.837498051628740914e+00
-1.254288934744759887e+00
5.148913786681026394e+00
-1.618439781112790632e+00
2.316576539102466192e+00
3.321787864879621743e+00
-2.032800032836303838e+00
4.880127609466654803e+00
-3.753608769828919445e-01
7.248046236446045176e-01
4.085849145817145533e+00
-2.208888317282632130e+00
3.942499213928608803e+00
7.469547679583409261e-01
-7.517010716789951363e-01
4.276242387749144669e+00
-1.710985352278767246e+00
2.284083313250447667e+00
2.134798332094239193e+00
-1.554889327116914854e+00
4.033186106434576423e+00
-8.494931877799968278e-01
1.148603531449339465e+00
2.991715654334002217e+00
-1.643944523877655772e+00
3.107777153078239873e+00
1.421591187136268253e-01
-3.206151078270169652e-01
2.683019180148521698e+00
-1.192507156208322927e+00
1.827112650768606406e+00
1.219214122251111476e+00
-7.996134177058454862e-01
2.455060984553510739e+00
-4.912325602982673955e-01
9.548601207776623578e-01
1.560545642394065791e+00
-6.495472661144972015e-01
1.654954432410383980e+00
3.671254407490687766e-01
-6.433248011463166272e-04
1.324135858100638830e+00
-4.639569334592261729e-01
7.783258525574340281e-01
9.421165152865346171e-01
-3.994159498958658738e-01
6.079110822301020400e-01
3.663565590125964500e-01
-2.819827886000976225e-01
7.771752620391889632e-01
-4.878745770897149892e-02
-2.138074035916110727e-01
9.026718185552843332e-01
-6.646302675238516811e-01
1.920832351953608019e-02
3.472950525008627887e-01
-1.147264685916697946e+00
1.084826313233411277e+00
-5.045961312751335859e-01
-7.351304210991748134e-01
1.225210388263544337e+00
-1.849233633019901069e+00
4.751491894462550047e-01
-8.787736540157473075e-02
-1.967433450522500848e+00
1.583945010676456766e+00
-1.869158198409742955e+00
-1.659165042306288418e-01
9.305509982264734692e-01
-2.844377823072560929e+00
1.610709180320275102e+00
-1.382071128622820222e+00
-1.639830347792949006e+00
1.784440802040582419e+00
-3.467440939126884114e+00
1.005729591102776821e+00
-4.664682832023758774e-01
-2.910379042469403377e+00
2.340992585998582953e+00
-3.447372101856749360e+00
-1.869505056889041450e-01
8.456693606457832413e-01
-3.985960320023362424e+00
2.494071403854469793e+00
-2.531629980723705042e+00
-1.468848582185092289e+00
1.622896800482334978e+00
-4.759668414005240322e+00
1.629126039535704340e+00
-1.425237868510032646e+00
-3.227929784303817495e+00
2.593336161021972508e+00
-4.357261432864634187e+00
5.525358378451358243e-01
-3.920427539769291703e-01
-4.276083790868689505e+00
2.505617864995150601e+00
-3.651060084295425945e+00
-1.183403093854683341e+00
1.363673399466529546e+00
-4.898766090562710396e+00
1.999572728014684442e+00
-2.702097233004570054e+00
-2.695149960313337534e+00
1.947532627425540008e+00
-5.367502799093003318e+00
8.468318670816890048e-01
-1.170064337928350851e+00
-4.296007250038192282e+00
2.243841297816423275e+00
-4.379824320347201372e+00
-7.086815995870301421e-01
1.669024424928230721e-01
-4.594795795028423946e+00
1.660188066751873359e+00
-3.144558925375434910e+00
-2.014488214409482669e+00
9.568738039453716926e-01
-4.521512591095153688e+00
8.097133746920406328e-01
-1.877560050694255800e+00
-2.975657891908670027e+00
1.200632647287839694e+00
-3.986906770694851776e+00
-3.006442836611533664e-01
-8.475867580917273436e-01
-3.679472172920841722e+00
7.048491979431162902e-01
-3.032800029264091979e+00
-1.550186410234518197e+00
-1.659204814454435239e-01
-3.564262960526636270e+00
2.324944458795517033e-01
-1.863751120385205517e+00
-2.425412975002025018e+00
2.049037954141468276e-01
-3.013572596614068289e+00
-6.961789124289382569e-01
-1.071416029311579532e+00
-2.668817747271005736e+00
-2.808456501234313230e-01
-2.000801668473124462e+00
-1.749682383565358990e+00
-7.841987194149070417e-01
-1.951539315066293190e+00
-9.754377660469246702e-01
-1.204629481356024101e+00
-1.945886192192266329e+00
-9.071297774055754326e-01
-1.362508413395131512e+00
-1.491812715685039148e+00
-6.101624742303657367e-01
-1.566818685720855031e+00
-1.291579230697149194e+00
-3.835927479407120200e-01
-1.975962980260818291e+00
-7.200163815241441556e-01
-9.236590096126450211e-01
-2.260136174887819482e+00
1.971380422114875908e-01
-2.218319782206500612e+00
-1.028998718344096064e+00
2.207865169879525413e-01
-2.760337285652008976e+00
5.815155397575652030e-01
-1.265612602073475257e+00
-1.973130909296570312e+00
1.118455947336653100e+00
-2.993039273655228705e+00
2.696078970491926352e-01
-1.954406709313318558e-01
-2.786615752411628399e+00
1.918542908279127213e+00
-2.664526653963664504e+00
-4.319374463545508358e-01
1.264983928771612032e+00
-3.451837691416736575e+00
2.103324480739085178e+00
-1.653215346345220604e+00
-1.606795604099018782e+00
2.454908557809466707e+00
-3.600055596109972722e+00
1.654355128661771479e+00
-9.426717494812096587e-02
-2.697759870821722306e+00
3.364216511633914664e+00
-3.270240870220941787e+00
6.363857898763970455e-01
1.456943688301023165e+00
-3.768242526266920578e+00
3.417135943278641896e+00
-2.175081481415137130e+00
-5.357370415900042371e-01
2.906824421948780213e+00
-3.676269570778349927e+00
2.917689223535163912e+00
-5.782840354328512289e-01
-1.832166374323972891e+00
3.811854316602847792e+00
-3.217077118451200590e+00
2.026096935393113529e+00
1.201140525664525116e+00
-2.824270151866778988e+00
4.047986947099259325e+00
-2.470501512220089957e+00
6.974230993662641209e-01
2.625515774485270182e+00
-3.310390006376093819e+00
3.787295195406768400e+00
-8.765417052987587443e-01
-5.395622323955250321e-01
3.806207647917766668e+00
-2.799248407862119148e+00
2.824497027071666722e+00
7.854894066685811360e-01
-1.370160005074678278e+00
4.350612123487046290e+00
-1.729785870749703580e+00
1.778686815545321931e+00
2.049288711251902484e+00
-2.004406017336073376e+00
3.676481529871175713e+00
-4.883603392567809065e-01
5.992196507516699411e-01
3.160392474427049070e+00
-1.661468107500940539e+00
3.092382761949025838e+00
6.731137374089255498e-01
-1.823185931975235541e-01
3.438891235632594690e+00
-9.480650449239016453e-01
2.082651533609658490e+00
1.775540912057456122e+00
-3.524319722859503567e-01
3.149058820555646676e+00
2.972484416191286116e-01
1.108573435933057905e+00
2.423950863326048921e+00
-2.033861931024643632e-01
2.467965464732141179e+00
1.250932843067767530e+00
6.525374686578633288e-01
2.459028394387157590e+00
5.576754632501869091e-01
1.604658425200735872e+00
1.955452725451849005e+00
7.812448481143194901e-01
1.817413061606645064e+00
1.491049664952583065e+00
1.067471511272848339e+00
2.163480608146003625e+00
1.282818682009182254e+00
1.070536974792750229e+00
2.271920077691652828e+00
9.430716372116539903e-01
1.774063766070583137e+00
2.040500738576751960e+00
3.729802374244219898e-01
2.337906779007998814e+00
1.226036703997862354e+00
8.785548507278552188e-01
2.794858219693631796e+00
1.163094397060661922e-01
2.089499589496185195e+00
2.183535734976717713e+00
-1.246324562924849971e-01
3.494398873056178356e+00
2.006951558926074741e-01
1.287923894475693887e+00
3.026911788012869753e+00
-6.440041440189689936e-01
3.500445260831101635e+00
9.516008900898933476e-01
7.350194576860308304e-02
4.062428884146648045e+00
-1.218642288054652578e+00
2.955999027017047975e+00
2.246743513516934243e+00
-9.071690237260728873e-01
4.512601930335094380e+00
-8.112900180058575383e-01
1.620118115111029100e+00
3.336002177419918446e+00
-1.949262985074277976e+00
4.379221832226084743e+00
1.416093994341420248e-01
1.804875585469035981e-01
4.483010807027051570e+00
-2.204938201693433353e+00
3.755730770008742780e+00
1.129794887097576694e+00
-1.274592365594742871e+00
4.884821559530850621e+00
-2.001202823570082945e+00
2.339684455447240019e+00
2.896109823101344460e+00
-2.456034898144207723e+00
4.695791810583144432e+00
-1.054551546769033177e+00
5.934213218035115922e-01
3.946374624658728791e+00
-2.824298883393919546e+00
4.003390875248985736e+00
3.359652887619655193e-01
-9.718294871500035015e-01
4.501308213219997967e+00
-2.741165740480427715e+00
2.572911809978688069e+00
1.547069566500279603e+00
-2.263078914043432199e+00
4.565571579936391622e+00
-1.955085618303208150e+00
1.139556034821102459e+00
2.689314696327101739e+00
-2.693063459497508028e+00
3.820650350676083828e+00
-8.652477967106518841e-01
-5.787204990779655223e-01
3.169357212599463125e+00
-2.706395166038013667e+00
2.318122102627439673e+00
4.530055475351801308e-01
-1.632641534869064381e+00
3.292506420712131732e+00
-2.217796325397884072e+00
1.007104821457005528e+00
1.276799282400588931e+00
-2.265521095100921922e+00
2.566764982200953060e+00
-1.287478625830950740e+00
-4.922536816730674891e-01
1.827084397403889948e+00
-2.195489811270851632e+00
1.406016389058779348e+00
-3.858177397169201828e-01
-1.268575666868254848e+00
1.603781225318709591e+00
-1.666925851600883801e+00
3.554515841352283712e-01
1.955310474265351539e-01
-1.598815409319445324e+00
9.495654369843725684e-01
-8.244823363811351058e-01
-7.128517899872011121e-01
2.505737956493340191e-01
-1.412319883802771514e+00
-9.327661710794209193e-02
-3.110274514114965694e-01
-1.002356569546374310e+00
2.466882281715419845e-02
-6.641263815173739093e-01
-9.284901406868074636e-01
-5.354531730257004046e-02
-1.041284402461382763e+00
-8.994916449561419780e-01
-4.787012889087592649e-02
-1.653161374525215388e+00
-3.228986821783052519e-01
-5.983597309448428492e-01
-1.811429819838102695e+00
2.603580866649224390e-01
-1.797049840879151317e+00
-1.097006626456182188e+00
1.437786747756918948e-01
-2.527960377418911442e+00
1.317019430309342432e-01
-1.250745931849728709e+00
-2.330723751138036537e+00
8.064187214532186898e-01
-2.969119730007022007e+00
-3.600365242435200619e-01
-2.957425373871059304e-01
-3.318395725615143288e+00
1.101750018337526837e+00
-3.005655644933738824e+00
-1.603234307123487579e+00
6.747009143965894129e-01
-4.459734892246574489e+00
1.040510880963912088e+00
-1.946029203667158036e+00
-2.799141061004910558e+00
1.668675642895485423e+00
-4.449360565053416039e+00
1.863897456499370442e-01