# sampling_step = 1e-06
-8.169405710749785277e-01
-2.182651678076702240e+00
-2.841267430966027518e+00
-1.170254479447446760e+00
1.227491562967052641e+00
1.015376912894004668e+00
-1.931648994505301253e+00
-3.946796790144107447e+00
-2.516385872687225245e+00
4.018764829292069130e-01
1.104016019130139137e+00
-2.148121307701490457e-01
-1.674972531273705600e+00
-1.690471056644943681e+00
-1.315227687737847484e+00
-1.043557704928124608e+00
-8.034799740515344291e-02
1.424149961981679091e+00
8.641208918030790498e-01
-1.460985343790163871e+00
-2.664707561862883267e+00
-7.433202459757969338e-01
2.441964324123838015e+00
2.980004765496396590e+00
3.479249906657696512e-01
-1.385458762271393196e+00
-8.962037558422284445e-01
8.448453200226523352e-01
1.813338104642712389e+00
1.863053916303479163e+00
1.544419182370628363e+00
1.383725337015156098e+00
-1.625661280708468603e-01
-7.814576704064636337e-01
9.069325486123920310e-01
3.552884263837480905e+00
3.628538462210951554e+00
4.839633204955419710e-01
-1.841269884018865044e+00
-5.294820791359666767e-01
2.133469037097120324e+00
2.846744811800531849e+00
1.572959181621010671e+00
1.305877704008897022e-01
-1.077604982444001491e-01
-2.701598313356209924e-01
-2.962312757919689510e-01
6.989565165110804834e-01
2.120045811265062863e+00
1.538862551658478628e+00
-1.020995195315876014e+00
-2.821945776396492356e+00
-1.165291065917147151e+00
1.391553619562244659e+00
1.904201384468342528e+00
-4.004460074943146930e-01
-2.436771129308662687e+00
-2.224311041063295580e+00
-9.011270735543043253e-01
-3.792775774666395927e-01
-1.649937039561090724e-01
-2.046799125148868748e-01
-6.179800586636142734e-01
-2.190585122936634654e+00
-3.467735911792645620e+00
-1.421146339748455389e+00
1.055103001881156244e+00
1.339815720292094836e+00
-1.343906953020027384e+00
-3.504153103592650975e+00
-2.502947620702365761e+00
-5.470504455585577241e-02
1.090859522022837202e+00
3.124201836856883852e-02
-7.346078457454808808e-01
-1.074836001247947870e+00
-1.482226960856646070e+00
-1.139216803615477724e+00
1.151594386361315947e-01
2.194181191884580606e+00
1.893218530698353996e+00
-5.500459951988051488e-01
-2.449572659637466732e+00
-7.866968443905162367e-01
2.310670168395779545e+00
3.166350887495598343e+00
1.157335430410005639e+00
-7.999362649296640759e-01
-4.823860054231466354e-01
6.403758934943235559e-01
1.410201402194045661e+00
1.998155073534037651e+00
2.218623231937878248e+00
1.853741323917163397e+00
-1.638916520722766279e-01
-1.326937611542301054e+00
4.235275193824781237e-01
3.401423467186697636e+00
3.615671842867325569e+00
6.907660106176503056e-01
-1.466163733161341964e+00
-9.547821002551780678e-01
1.458942420715043209e+00
1.896320773900639134e+00
1.364206897347191694e+00
3.944724873429241163e-01
-1.654492128749897595e-01
-9.790290472389626686e-01
-1.522571662481726040e+00
1.810284592202117682e-01
1.978821691842514108e+00
1.613046252742163622e+00
-1.416889196561318176e+00
-3.480951400427727105e+00
-2.214798504292863068e+00
9.615190231708687918e-01
1.528177220356585764e+00
-4.672068415931096563e-01
-2.344183866093604962e+00
-2.403658105400857892e+00
-1.486623383509416918e+00
-1.148877623703179252e+00
-3.846632489279595002e-01
2.509730656871725918e-01
1.997755548926011260e-02
-2.386321686935005015e+00
-3.492530916786493744e+00
-1.875756848279291011e+00
1.094415804382893542e+00
1.651372192147724904e+00
-9.719306436227347357e-01
-2.944146522644350839e+00
-2.355441916139564107e+00
-2.257243823330626342e-01
8.915412086070340081e-01
5.108643064860282079e-01
1.396229223171677747e-01
-2.117880901201760757e-01
-1.056191452383104412e+00
-1.486356146738426087e+00
2.349446905621105364e-01
2.635874522736103565e+00
2.862754831960819590e+00
6.656356591608288131e-02
-2.043518357548938624e+00
-8.020312741369313159e-01
2.004028275931214687e+00
3.333667586603418442e+00
1.726676367866898376e+00
2.235475054586930355e-01
-6.182935721101807947e-02
4.733440789825650308e-01
6.652288452719981038e-01
1.782432150338352894e+00
2.777917116549483367e+00
2.287498329245233997e+00
-5.215597708717882586e-02
-1.733442772574477875e+00
-1.024040595383178404e-01
3.056994357836369858e+00
3.289853607428997240e+00
9.228221948931526475e-01
-1.669001945952640398e+00
-1.152199845914254395e+00
5.183153446877721837e-01
1.339143778752730274e+00
9.134068915382095311e-01
6.011568912386665575e-01
-1.504487390271608271e-02
-1.496267227524826327e+00
-2.329277540899290955e+00
-7.656237213299648126e-01
1.622690511195583829e+00
1.707318510517864985e+00
-1.241425105631980941e+00
-3.500045178656157940e+00
-2.686769257469655336e+00
1.477365306894957153e-01
1.032284905421333443e+00
-3.713271885358462310e-01
-1.904711640999572797e+00
-2.041031582437156100e+00
-1.837925417710137621e+00
-1.781107944100311924e+00
-6.511582749225214295e-01
8.350231506568491779e-01
6.907024754672956846e-01
-1.903873767599360667e+00
-3.700574472173673524e+00
-1.719638109331067533e+00
1.084836484652942357e+00
2.213626696745310873e+00
-1.679872762829539845e-01
-2.226917645383157840e+00
-1.769959385779851457e+00
-1.449492516179166357e-01
7.449465695830870260e-01
1.050303804165846122e+00
1.143338429361093977e+00
9.213408068981776555e-01
-6.318057006017202548e-01
-1.705603618470847405e+00
2.961005931959376225e-01
2.953803797943201026e+00
3.457730039477520556e+00
6.458845539853759199e-01
-1.551616067648829755e+00
-6.494526479744925362e-01
2.088881504375129872e+00
2.953768395661068968e+00
1.785320660528511461e+00
8.043763908708261301e-01
3.454382402813721553e-01
2.615172960307264316e-01
1.770534170354081116e-01
1.284353689033762125e+00
2.972907820295076942e+00
2.543628427635730826e+00
-1.819798776866569101e-01
-2.278094253177418871e+00
-9.007276579538652239e-01
2.017744358385815673e+00
2.750105545709074839e+00
7.416019326031747516e-01
-1.540212900084595660e+00
-1.419562481370365781e+00
-2.208321091654772139e-01
-5.973544355679610840e-02
1.218735928660320544e-01
8.033055823571536580e-01
2.797900576409710349e-01
-1.837401037000247594e+00
-2.974919553414096196e+00
-1.472901910490862498e+00
1.210758983301053471e+00
1.671252270080915148e+00
-1.154122091597848732e+00
-3.641252886768719499e+00
-2.808138653607484159e+00
-4.357852758142107819e-01
5.096131247431004985e-01
-1.635258281833091853e-01
-1.011526500411633389e+00
-1.439969126433965796e+00
-2.158507633896008748e+00
-2.440781752123062809e+00
-5.549221203724867824e-01
1.078733024410589936e+00
1.316189638067242651e+00
-1.356534262224074805e+00
-3.361829145938390440e+00
-1.873984156147759705e+00
1.335517682992719335e+00
2.388186469331301520e+00
7.959502534908632354e-01
-1.116141942830442657e+00
-1.189512145682956268e+00
-3.849861201005982947e-01
4.031029575508532359e-01
1.254860284361933420e+00
2.031343512428387843e+00
1.636854700266245466e+00
-4.254819425900120411e-01
-1.478806781742084020e+00
3.608256490409376960e-02
3.029306651399920280e+00
3.737671098821206961e+00
1.248220911103456343e+00
-1.008633627892614015e+00
-6.132318393777920207e-01
1.571024924889931063e+00
2.484867369601198916e+00
1.879831560801626278e+00
1.185567856906849515e+00
8.934743166877811005e-01
-1.384269438399402530e-01
-8.288117562404208050e-01
5.594386317649908680e-01
2.633668676023460442e+00
2.730219130576856834e+00
5.428892318762995606e-02
-2.303897537838645704e+00
-1.539906315266109438e+00
1.478465391887440195e+00
2.268719812454703000e+00
5.850958182758279058e-01
-1.189209734867553214e+00
-1.468062250859826001e+00
-1.180522608991324107e+00
-8.152258539312587926e-01
-2.349424514300850197e-01
5.767254675556514609e-01
4.244194114446263599e-01
-2.023166274459363034e+00
-3.679567016388133993e+00
-2.161189503172145532e+00
8.796094883145145760e-01
1.572435076641075291e+00
-8.920730772028383493e-01
-3.136058426777960317e+00
-2.940314909847562941e+00
-1.011078552314728762e+00
6.657603339446357960e-03
-1.473924456282570961e-01
-4.195095747000273101e-01
-7.351547312456611083e-01
-1.966284413296492062e+00
-2.774632514807494843e+00
-8.931752138307459399e-01
1.915953078638461760e+00
2.040755715666437098e+00
-6.182314342623911330e-01
-2.805231899318276323e+00
-2.030466693690052171e+00
1.052272987300623575e+00
2.337819979328191522e+00
1.096031682710972621e+00
-1.390117960924787399e-01
-2.121030268569750743e-01
-2.657240774813777184e-01
2.519349399075984652e-02
1.130572642607426292e+00
2.674460405842943089e+00
2.604936420315742129e+00
2.997523606516735994e-02
-1.717569367527526980e+00
-1.954149852105652174e-01
3.079371397297652635e+00
3.805252513278653215e+00
1.681868891606639993e+00
-7.664325623271157628e-01
-4.423618148913555648e-01
7.213443196476974073e-01
1.547742058713919455e+00
1.814775570040431107e+00
1.665328991728584507e+00
1.079642445657474026e+00
-5.578036682309518435e-01
-1.552702603615566890e+00
-3.242661540853012392e-01
2.348369911910655805e+00
2.612686482794712273e+00
-8.195910331845199237e-02
-2.685880950750539675e+00
-2.086100224260864611e+00
5.813215742812958275e-01
1.607373042004751396e+00
4.040979741480075771e-01
-1.087561709549430988e+00
-1.401434419097516093e+00
-1.995008629605640404e+00
-1.684673151907727595e+00
-6.125309321986914801e-01
7.628619455500601498e-01
7.901042265564645062e-01
-1.766767000737996307e+00
-3.998715016047429405e+00
-2.639340165414024497e+00
5.230656826859231279e-01
1.403658184724632108e+00
-3.258447358243365954e-01
-2.603710837027692904e+00
-2.464356053459379137e+00
-1.149391740862372169e+00
-5.093037097477353115e-01
1.386758117611412988e-01
4.831093414743191650e-01
1.715377484650138229e-01
-1.399424624348213575e+00
-2.429770716007022990e+00
-9.740096101887160129e-01
1.960381865422434089e+00
2.812443527398480470e+00
1.912955025503836060e-01
-2.235320770110139854e+00
-1.590562878964340898e+00
1.151990218976623348e+00
2.400375845865371893e+00
1.679930579910509536e+00
7.405372954531762586e-01
5.031099663659002186e-01
-8.136466172448779399e-02
-1.205227086327411018e-01
1.089950318120997297e+00
3.133406352000783990e+00
3.173086080065469883e+00
4.226910075344325057e-01
-1.696170439609548275e+00
-6.227924832049249737e-01
2.565517154244874920e+00
3.745506874716678869e+00
1.664917005567191577e+00
-3.611147937289950205e-01
-7.266535810241548932e-01
4.287324858004962214e-01
7.947908838619467398e-01
1.096416255685403573e+00
1.513809171523937902e+00
1.266240291333349699e+00
-6.396414685035156644e-01
-2.337822644558521290e+00
-1.094317454407218060e+00
1.803907619437587595e+00
2.456117293990782713e+00
-3.672637581395499229e-01
-2.786326353149706225e+00
-2.472457165036502591e+00
-5.312479670680800847e-01
6.059695894950325457e-01
5.808964870738286823e-03
-7.934160886057775031e-01
-1.254968958005612700e+00
-2.183278513646660368e+00
-2.536349649498284897e+00
-1.307169400475547638e+00
1.055808809704616325e+00
1.133783170889668179e+00
-1.499024844343489926e+00
-3.802638819295520278e+00
-2.810294476809404252e+00
2.862228935235192062e-01
1.442087486636240090e+00
-1.977867716037124413e-01
-1.437839783834293561e+00
-1.990334236213874286e+00
-1.229507642657691635e+00
-6.514535204102275268e-01
5.935983613496136069e-02
1.311407310407322280e+00
1.201248737696396063e+00
-8.541840762423728028e-01
-2.497524204846680362e+00
-8.087332683288172008e-01
2.032513690461355882e+00
3.413477232814883688e+00
1.016163732608934778e+00
-1.356190131306480584e+00
-1.037696505891776644e+00
9.114371877661016086e-01
2.280862482242097755e+00
1.826612073448705242e+00
1.589135227752177526e+00
1.122536161441883618e+00
7.575872556873379515e-02
-6.519395905750781095e-01
7.163781937284393608e-01
3.176966496949881424e+00
3.555282219716068504e+00
7.537852606936727984e-01
-1.794074520034906861e+00
-1.067454880408750251e+00
1.931152651835699618e+00
2.966077255000255875e+00
1.577526752507916408e+00
-1.405907771428630548e-01
-5.775037358916805807e-01
-4.447655222229436323e-01
-1.485031649990266878e-01
5.412484356115364603e-01
1.682151125933894154e+00
1.324698002878179182e+00
-1.146103608858608291e+00
-3.011040022461363375e+00
-1.864420693820670216e+00
1.159132752901422148e+00
2.075377583648867041e+00
-3.068777306108104730e-01
-2.577165887461975835e+00
-2.559828670256753647e+00
-9.041234319145943221e-01
3.068437152527747624e-03
-1.753285009382254678e-01
-2.609450726140133958e-01
-8.244295553448477420e-01
-2.335712945458690015e+00
-3.106157435629117280e+00
-1.701541260887450280e+00
1.032601683661304337e+00
1.570334766640784308e+00
-1.058435967345730200e+00
-3.586787259126550165e+00
-2.811615323868188465e+00
-3.008924875908176866e-02
1.375469776042395065e+00
4.763093254945097721e-01
-8.137328742501042100e-01
-9.926110729783558240e-01
-8.047246906590047599e-01
-9.549581814238999877e-01
2.998686923455033404e-01
1.817041892726989349e+00
2.146949252932165209e+00
-1.708463785256092993e-01
-2.225270239769423064e+00
-8.962956854323687050e-01
2.394054126432014318e+00
3.562142666532010171e+00
1.605977015598197166e+00
-6.284990575656580480e-01
-6.476060908280085737e-01
8.895819379321262543e-01
1.565470098279402533e+00
1.995607718820115117e+00
2.110222960798052938e+00
1.839031898944767152e+00
9.018682052667237325e-02
-1.162595806924451081e+00
2.739702989397823085e-01
3.022802133744222797e+00
3.646802717289073570e+00
9.375611210468245416e-01
-1.629751496492783724e+00
-1.303541510063824127e+00
9.979072628899201547e-01
2.136356205573550326e+00
1.393500571430631219e+00
4.844364720184718420e-02
-4.177596965951450025e-01
-8.906500341543750476e-01
-1.279662440034217807e+00
-2.310322892520011440e-01
1.696718974435864391e+00
1.398942838720340642e+00
-1.004608141005909561e+00
-3.383168964546187318e+00
-2.431487741568687966e+00
4.473883428463614753e-01
1.549204507785471918e+00
-1.469011874395561024e-01
-2.376138728442852788e+00
-2.616987054025177617e+00
-1.623008434114766807e+00
-6.753437743871325560e-01
-5.030961980660433319e-01
6.205615288843260163e-02
-5.185055466192831086e-02
-2.139067752364883113e+00
-3.391275874645301780e+00
-2.051875338405127813e+00
9.590942892277793952e-01
1.922754247709086650e+00
-2.992786216790546128e-01
-2.914296070992990817e+00
-2.436648588349651146e+00
-1.275351124711925355e-01
1.378963704916811084e+00
1.001072767224008730e+00
1.842079958466074086e-01
-2.220412781321099427e-01
-6.481519762555718600e-01
-9.249870889216075254e-01
3.631953145692524698e-01
2.522370785497697110e+00
2.900005827691508831e+00
4.264654973066467902e-01
-1.822100106414760612e+00
-9.133463608476640738e-01
2.160593941278958319e+00
3.508829113196283433e+00
2.022701791684708539e+00
6.011428157310569342e-02
-3.836240058834645694e-01
4.806851058214078876e-01
1.030687406395614403e+00
1.556741523205644961e+00
2.389622689790953824e+00
2.227463194643503286e+00
7.147559796988386949e-02
-1.615756694883705213e+00
-5.562683106846331160e-01
2.442771821602061078e+00
3.499221042983322150e+00
9.465574191296739492e-01
-1.758319429907664544e+00
-1.763809901802605218e+00
2.558635378990123388e-01
1.360710184775688614e+00
7.734768856925224867e-01
1.808317696034269506e-01
-5.916012749267330895e-01
-1.608473143485467327e+00
-2.204351962302459000e+00
-9.564815230712782057e-01
1.348720640806114091e+00
1.543289540501223245e+00
-1.119829255124656253e+00
-3.709547892481833475e+00
-2.840569678822173927e+00
-9.627936638923165202e-02
1.400132101151374098e+00
-2.267655128644949780e-01
-2.113406197274930065e+00
-2.313645115478442094e+00
-1.792284540971667228e+00
-1.430819804129996209e+00
-6.721532408186868812e-01
6.022404374957669448e-01
4.897738604623691483e-01
-1.423268068294871735e+00
-3.286228683564159425e+00
-2.247102625689839428e+00
1.242036792682970292e+00
2.346732146946444608e+00
4.947543094765932681e-01
-1.995413334645116388e+00
-1.985732494308587226e+00
5.620002116343079945e-02
1.379689649705225563e+00
1.308845738238796796e+00
9.763461394502921387e-01
7.612891295294891281e-01
-3.016308569781390725e-01
-1.144602590677276543e+00
4.880233514255367944e-02
2.778923207748869917e+00
3.445907707613987458e+00
1.090910170621138375e+00
-1.608554548717029409e+00
-9.849636927828369082e-01
1.766332251812567922e+00
3.391859075537894341e+00
2.054565874881531418e+00
5.886461157544496947e-01
1.488924343606324863e-01
2.259178458647196353e-01
2.629557217964630378e-01
8.967116985364278481e-01
2.469605892922910773e+00
2.375142004199311874e+00
3.762368265672758616e-01
-2.307263278928036510e+00
-1.298857861892709131e+00
1.644080609385719205e+00
2.867424911785728447e+00
9.411807980036253074e-01
-1.786773924876039699e+00
-2.071716434863335454e+00
-7.738247537740969850e-01
2.177025338495062745e-01
3.341627248728253341e-01
3.460479317704204805e-01
3.781283929838410995e-02
-1.711431164747195588e+00
-3.098084790178824210e+00
-1.869917057056533771e+00
8.904685330015511546e-01
1.775360546551157270e+00
-8.710853256712768333e-01
-3.580452848371113994e+00
-3.131925723790268901e+00
-6.704694764495646719e-01
8.344011896670882056e-01
-8.580095996970189820e-03
-1.283730343847140798e+00
-1.482318616209127748e+00
-1.687571361133566983e+00
-1.862046566931106373e+00
-8.708787372287964956e-01
1.089663757933828414e+00
1.479566124517091907e+00
-9.057514113832882963e-01
-3.073193040102894624e+00
-2.075639190140873058e+00
1.334191229914608146e+00
2.789294830985991069e+00
7.699295458030459560e-01
-1.284702217921702250e+00
-1.120083193787361875e+00
-6.810173937195705685e-02
1.012077087894909688e+00
1.500357860478235272e+00
1.919297798834408209e+00
1.753571598169416879e+00
4.682107652962672062e-02
-1.332435183076194907e+00
-1.200759697650058411e-01
2.963983722100202556e+00
3.878304374727341131e+00
1.569924195150016688e+00
-1.336904247935117196e+00
-9.426224990659954894e-01
1.350269862012774214e+00
2.467525413879110285e+00
1.914268317983530032e+00
1.116980765017403510e+00
4.302552707006978006e-01
-7.383473431458002778e-02
-6.671681354154364030e-01
6.769785239388081965e-02
2.256095711467553500e+00
2.478704366995740038e+00
-1.817663659401257820e-02
-2.732323897775637445e+00
-1.785497546577013317e+00
8.665453247515058077e-01
2.326374051487149153e+00
7.411398542034773884e-01
-1.624003896757671317e+00
-2.223956583900266182e+00
-1.172891078798142805e+00
-6.906712230603825331e-01
-3.129271715682074850e-01
2.868806142419671468e-01
1.377333097914071325e-01
-1.938104975078617676e+00
-3.544158099539843843e+00
-2.480726835561662735e+00
3.767158621276880393e-01
1.607097265273414788e+00
-4.804969897859437400e-01
-3.192729639108474515e+00
-3.119906272617560372e+00
-7.961619288969504771e-01
4.443722503790140110e-01
9.483388869690512202e-02
-4.005244609949761281e-01
-9.210695310383444356e-01
-1.639157756714020975e+00
-1.981958679209869789e+00
-9.724112636485752192e-01
1.579059855736938855e+00
2.168436427915806153e+00
-5.306758223950768655e-02
-2.600860093183442689e+00
-1.808059079820789838e+00
1.313010759801951588e+00
2.849245682495631815e+00
1.506403790136247034e+00
-2.699980814563896492e-01
-6.682372128504365794e-01
3.315278881215009132e-01
5.059315765462737424e-01
1.222558366849616718e+00
2.373357481827961468e+00
2.556202921056211164e+00
5.900856129001357253e-01
-1.499249464788015906e+00
-5.658416012602260903e-01
2.618736261675614241e+00
3.943656161117468084e+00
1.757914116587398823e+00
-9.424680734067808485e-01
-1.088686343539600587e+00
7.449525455676108132e-01
1.878156056582550359e+00
1.824127283033430746e+00
1.188515499119804364e+00
7.312767728477249651e-01
-4.032594648860133302e-01
-1.599885212299063220e+00
-4.371974908767536361e-01
1.926784260548655370e+00
2.371929819071129319e+00
-9.757419397540108286e-02
-2.740068534355969199e+00
-2.541911056175988115e+00
1.400465971911179497e-01
1.784767469567532627e+00
4.448113738734931766e-01
-1.511537498045959271e+00
-1.712620190494268169e+00
-1.942936149221152764e+00
-1.737190920760824486e+00
-8.278562120896370002e-01
4.178131243883560497e-01
8.368701314721584961e-01
-1.663352051666937115e+00
-3.942347683123048618e+00
-2.982212893600375558e+00
9.984660309773091269e-02
1.729713651061124180e+00
-1.746467918523149920e-01
-2.805985192364524927e+00
-2.682214392428549754e+00
-8.929437278130483158e-01
7.392187885725404195e-02
2.400971747976459181e-01
2.516146847597024450e-01
1.532907665376744277e-01
-1.007503115336191746e+00
-2.188670827258051954e+00
-9.114018274047109847e-01
1.966554116947782926e+00
2.717172783054470298e+00
7.573926706686703314e-01
-1.995381408971670822e+00
-1.611931721489821001e+00
1.160422550149879939e+00
2.773889353467129837e+00
2.077123253392469504e+00
8.230507249853202811e-01
3.213371654550061240e-01
2.225842666150754101e-01
3.558100451189308289e-01
9.614883985755895424e-01
2.505407828600420661e+00
3.109487451495116073e+00
8.499927123359607428e-01
-1.487556983395294408e+00
-8.132021559006100686e-01
2.307787458190564411e+00
3.642301898337264365e+00
1.803424495589718957e+00
-8.091453066740604827e-01
-1.049683720711493962e+00
-2.347949238767355062e-03
9.041214400413363217e-01
1.132045987113778907e+00
1.102604565411927862e+00
8.461225914358148081e-01
-6.910918075188201559e-01
-2.141894958186738585e+00
-1.551935078254510714e+00
1.127488014916885106e+00
2.412239049448197559e+00
-2.169471071848357302e-01
-2.845379289644385690e+00
-2.886091101973536244e+00
-7.122769423284601720e-01
7.612091343523017528e-01
2.315720262792694273e-01
-8.953856324180726745e-01
-1.608466571582105820e+00
-2.019746167616603305e+00
-2.336382254559493887e+00
-1.632183563087940659e+00
4.646902783087238920e-01
1.193470536516381797e+00
-1.219182455109217411e+00
-3.573973189782019944e+00
-3.036348858333392187e+00
1.019091495498099520e-01
1.888480557175896468e+00
3.262975430083514539e-01
-1.610400563496878545e+00
-1.912085503226091499e+00
-9.726208757250506265e-01
-1.691559372778233816e-01
5.044444569452378735e-01
1.161309229166294532e+00
1.240286502056477058e+00
-2.504522622217591477e-01
-2.205771251554692114e+00
-1.055524348713935412e+00
2.173967216878394559e+00
3.387323753148811623e+00
1.472502401291337693e+00
-1.300192186311796894e+00
-1.269309486618935834e+00
1.024964292325623472e+00
2.606941892376121839e+00
2.088724704964232792e+00
1.458644581412815500e+00
7.353878312247490445e-01
2.008211539760370035e-01
-4.523008146532854767e-01
4.620453967317602606e-01
2.448783131816987257e+00
3.328320567300892208e+00
1.106924697801197066e+00
-2.083699671226360017e+00
-1.326091932744839497e+00
1.500780860750813961e+00
3.152775472999473472e+00
1.621327128727422906e+00
-2.918999404406147358e-01
-1.140540087183069762e+00
-5.286953227486980156e-01
-2.871979449019256281e-01
2.675244263049515459e-01
1.372140393041132889e+00
1.061117041833725461e+00
-8.500826859131298541e-01
-3.067498122472270161e+00
-2.356144036113032580e+00
5.310420624129472689e-01
2.265645856606588016e+00
-1.165902112958263764e-01
-2.736743545014569179e+00
-3.223710301969205272e+00
-1.193551364835922612e+00
1.390221267423047413e-01
-8.308655703785960966e-02
-5.942695934536430524e-01
-9.553784498694735117e-01
-1.948168473017676927e+00
-2.872124448394324681e+00
-1.751875513835517317e+00
7.138630226218120045e-01
1.719565419158118225e+00
-3.386469778772696060e-01
-3.156843155242855303e+00
-2.864870719633019203e+00
-1.896717915091262335e-03
1.841733233902442146e+00
9.368429318562399022e-01
-6.525890236489125806e-01
-1.093951998476842435e+00
-7.395945220535411480e-01
-4.465301090363898995e-01
4.911933935049824229e-01
1.658430635917840679e+00
2.087035120322147996e+00
1.721460344030366074e-01
-1.683918159203408482e+00
-1.082814121221544745e+00
2.139906424468097867e+00
3.903547848685556598e+00
2.110704697926685025e+00
-6.444250015764974027e-01
-7.927523012376124223e-01
8.473441357597643053e-01
1.965871592363003018e+00
1.912831183421161096e+00
1.722035934288577153e+00
1.452390755777292597e+00
1.444610535374449833e-01
-9.943353211170941064e-01
-9.189868462291074513e-02
2.321465160632888658e+00
3.392767802523656062e+00
1.043150613439099761e+00
-1.870536401532771675e+00
-1.751134123384334718e+00
7.279723520402416881e-01
2.454698563103360431e+00
1.336989710443555968e+00
-3.733036785225145038e-01
-1.043752374492039170e+00
-8.795280131821543446e-01
-1.219896545460447568e+00
-5.875385734877104360e-01
1.056709671475152934e+00
1.261188055283754661e+00
-8.282226172632262129e-01
-3.581473077430094687e+00
-2.857436996951646879e+00
-9.695555965113200614e-02
1.768329515926053475e+00
8.922931348370591320e-02
-2.532689146292069537e+00
-2.925366712410957248e+00
-1.383641198774068659e+00
-6.536493356727666182e-01
-1.706305339392162890e-01
-7.097024635657651903e-02
-2.866934926211633372e-01
-1.753306679771499343e+00
-3.061796512384316049e+00
-2.048390971683036188e+00
7.501468065283902753e-01
2.306640617537857096e+00
1.450338589317896054e-01
-2.755499441564829510e+00
-2.569156565104964596e+00
-3.789003592117510394e-02
1.815485401715961400e+00
1.260665901609129946e+00
3.242614568362064964e-02
-2.679963041278309865e-01
-4.390490284913318164e-01
-5.518338883922924154e-01
3.089525692311512750e-01
2.308339743464964400e+00
3.160786496524957467e+00
1.010253285192537653e+00
-1.645109503649533789e+00
-1.213087370138467458e+00
1.915590087892802718e+00
4.088769943419298336e+00
2.098569118790923227e+00
-2.012939027867693409e-01
-5.613425999382749554e-01
5.182018292848588059e-01
1.281095073440081444e+00
1.517299934824965169e+00
1.970011929624137403e+00
1.830921450781477278e+00
1.865119833568635310e-01
-1.751974764073659818e+00
-9.991262097819888499e-01
1.914313459795966343e+00
3.257656236981481435e+00
1.114087446287524319e+00
-2.067574563623836958e+00
-1.965253337265226108e+00
-2.022818246855251356e-02
1.452201728970975436e+00
8.611300293813074491e-01
-2.981676866917052360e-01
-8.392049495458869801e-01
-1.582270876877727384e+00
-2.240515485369371174e+00
-1.632233139709136527e+00
6.884369304535075118e-01
1.604179126554693857e+00
-8.333144071503101324e-01
-3.529483605546952507e+00
-3.089590314994597797e+00
-4.608536912599884849e-01
1.546600095108858763e+00
1.793566655849773983e-01
-1.981068002162208908e+00
-2.555998750461155655e+00
-1.760096980697339220e+00
-1.084285022777457641e+00
-5.474127031522283415e-01
2.572574121697759342e-01
6.142749756910601544e-01
-1.086089324624673003e+00
-3.113737136709355369e+00
-2.224726818133706097e+00
9.276881131361531807e-01
2.633934624368863275e+00
9.442747642565694211e-01
-1.915765691767003620e+00
-1.861805903958766661e+00
-2.942206191150215089e-01
1.771233611315972789e+00
1.649179789493193438e+00
1.030986520457858324e+00
8.265270992597304467e-01
1.029494263573191293e-01
-7.062395154792228125e-01