# sampling_step = 1e-05
-8.579845312955781678e-01
5.152637179983771132e-01
1.600206140355705298e+00
5.353931403552752988e-01
-1.477010414030665020e+00
-1.381772273414576091e+00
6.709300826709621024e-01
2.114817561312877459e+00
5.823443474629168559e-01
-1.714681570016990619e+00
-1.687440731691510987e+00
3.978273215544884112e-01
2.359004895871135155e+00
6.807974769226204925e-01
-1.779085319462496262e+00
-1.924097020063936903e+00
6.258166099194897303e-01
2.183745734590712750e+00
8.624792689258131695e-01
-1.676910916942087049e+00
-1.944718308651105731e+00
4.589398174721549539e-01
2.027249680865762294e+00
7.983364314351251156e-01
-1.365957802517810959e+00
-1.686106920147592447e+00
3.938513784089469061e-01
1.827525190178366232e+00
8.304931978734388931e-01
-1.182323994425326985e+00
-1.564048464246283743e+00
1.886485154790869256e-01
1.426428633815956415e+00
5.888564285212132265e-01
-8.397204582615566126e-01
-1.032170351995153057e+00
-3.994680739530565017e-02
8.637285659956523975e-01
4.757860059157016930e-01
-4.751001105992848084e-01
-6.068588031830836060e-01
-8.184295924820651769e-02
2.839650113346179339e-01
1.078061452106264251e-01
-6.665305944281996187e-04
8.229033390957445071e-02
-3.659001913716706800e-01
-4.772759710696649615e-01
-6.919512988642401163e-02
6.131789252308453841e-01
5.657684470614510186e-01
-3.668056373028025230e-01
-1.049480645803275713e+00
-4.258478270084926631e-01
1.118919796540448930e+00
8.736669138369591581e-01
-5.320810123054886542e-01
-1.395248215384895296e+00
-4.919549309017383076e-01
1.199469338908683458e+00
1.671674986335152546e+00
-4.257914138632289403e-01
-1.846870202267548056e+00
-7.885273608401288659e-01
1.539043121029070482e+00
1.879631151002489231e+00
-5.005287998461711574e-01
-2.004325807445586527e+00
-9.404750998003671425e-01
1.621237915752189895e+00
1.843346983625180346e+00
-4.816965215223915076e-01
-2.177725918287195750e+00
-8.518902893698493406e-01
1.505867107979801389e+00
1.902979238609217250e+00
-2.846215627803960757e-01
-2.148694144329180489e+00
-8.362132029233279029e-01
1.347731088975925307e+00
1.731553345211596540e+00
-3.457719341081397224e-01
-1.852652369288621648e+00
-7.291857849975303951e-01
1.234009467368640145e+00
1.428240630947947176e+00
-2.432588981144864770e-02
-1.386608124160478628e+00
-5.417444452964789159e-01
9.856738149480586131e-01
1.083811095711496586e+00
-8.540613315779085890e-02
-1.029822569799240473e+00
-6.073210803772909339e-01
3.366311448905601744e-01
6.993664982351601722e-01
1.369109925855950816e-01
-3.548691551428385660e-01
-2.937663113023607497e-01
1.242957760782984478e-01
8.900902339146131437e-02
1.135276087195953298e-01
4.028302786572635075e-01
2.673314396087362460e-02
-6.638408230503980434e-01
-3.541993869865626143e-01
2.916296834114673331e-01
9.837880578901301298e-01
2.564106729650827421e-01
-9.841469499447799141e-01
-1.128196060726110339e+00
4.211424403028874996e-01
1.476098836659477387e+00
6.055989232803969946e-01
-1.298061646356069909e+00
-1.280573186554265996e+00
2.388284552225905244e-01
1.849230031571690303e+00
5.919595738793718143e-01
-1.702743343700385603e+00
-1.714979958445676633e+00
4.003849677686744379e-01
1.989956872706487134e+00
9.171333474357403759e-01
-1.788530731991352596e+00
-1.896040013404200808e+00
5.536656608670692536e-01
2.183383091255249209e+00
8.554714899425556185e-01
-1.743834269236988588e+00
-1.909131328954710716e+00
3.838011364938773151e-01
1.971356988706602698e+00
9.270339561088857261e-01
-1.573398639959611600e+00
-1.741253974114073788e+00
3.370015956345428498e-01
1.898082180957502585e+00
9.255589144621501063e-01
-1.135743136453510660e+00
-1.623469598040648165e+00
9.279885015915251278e-02
1.508353850795236983e+00
6.946951747153913281e-01
-9.397095725984659920e-01
-1.027293991858363231e+00
3.543382130348400605e-02
1.033505895415573583e+00
5.053055127728336426e-01
-3.476648157107586901e-01
-6.278688161493197750e-01
-1.706509430869625893e-02
5.049730418048133940e-01
1.366904115429558864e-01
4.541897671961295235e-02
-9.173805676902450912e-02
-2.436175975998148835e-01
-2.473511538592707837e-01
1.008480851512294774e-01
4.825126913613747015e-01
3.271926496780000471e-01
-2.816386258455601532e-01
-8.818177974801475472e-01
-1.154844845255394159e-01
9.604389221003153398e-01
7.828128534268323779e-01
-4.449302724710852974e-01
-1.186089311036446325e+00
-3.683008944868375045e-01
1.210569371962682439e+00
1.438894124816268771e+00
-6.122979009410542961e-01
-1.854664700577414838e+00
-7.862288768498439939e-01
1.352981744647323126e+00
1.586110372043427086e+00
-4.242000367132026106e-01
-2.083073647901810155e+00
-8.480215849732410938e-01
1.538071084513940034e+00
1.952434236915470800e+00
-5.686176712623460805e-01
-2.227803137048618431e+00
-8.061704312273848538e-01
1.947100061860904674e+00
1.858281087428578893e+00
-4.513694259565401157e-01
-2.244634276749728929e+00
-8.606990557328397795e-01
1.557932437553052329e+00
1.880161009314744502e+00
8.265599109583060544e-02
-1.860369964748082250e+00
-8.506708779224398942e-01
1.420703670885082870e+00
1.534732914396446768e+00
-1.915049725982537199e-01
-1.456067725930980217e+00
-8.687771403301745021e-01
8.704715511633532854e-01
1.326760248512872664e+00
-1.515057148710945434e-01
-1.167779117003331590e+00
-6.415433413015354525e-01
4.084852399954985724e-01
1.039702988147988894e+00
1.099861252965398384e-01
-4.519180473385462915e-01
-2.729939401549961731e-01
2.226955362704684527e-01
2.750514939953289661e-01
2.166643202891185005e-01
-7.126047316370107132e-03
-4.971274879197368213e-02
-2.554243223961581433e-01
-1.951668808777745068e-01
2.605857157206798447e-01
7.096594620127001374e-01
1.707253614673314990e-01
-6.707691691269391798e-01
-8.625573887709678811e-01
3.521256727536129505e-01
1.342716557437784397e+00
4.783251381937337898e-01
-1.253344975547852291e+00
-1.265346079992027972e+00
4.225878722376860130e-01
1.607523344687666222e+00
7.355166552202607733e-01
-1.388718878084361563e+00
-1.618752859486708662e+00
3.700108250184277470e-01
2.146848975383529368e+00
9.258079722210037499e-01
-1.490534123910746134e+00
-1.972912603547956945e+00
2.250143484097866242e-01
2.191138482144613153e+00
9.958149379081893127e-01
-1.579375388007104863e+00
-2.141231047249089414e+00
3.038644613589364107e-01
2.011953457757639452e+00
1.090101875681894539e+00
-1.499831756142304462e+00
-1.888732810454471611e+00
3.354670896198196361e-01
1.892743439235256009e+00
9.684333124922551717e-01
-1.287931298031370853e+00
-1.653713903053006362e+00
1.757235066993069472e-01
1.684822164290122881e+00
8.908540469691981212e-01
-9.317571884258997184e-01
-1.426301778408431753e+00