# sampling_step = 0.001
1.063374983022976616e+00
4.871284922077569468e-01
5.576031478073246728e-01
-3.080144677435364020e+00
3.755521784388206719e+00
-1.322206614961035420e+00
-9.145597442508649477e-01
5.095924517730192616e-01
3.078804114354644628e-01
1.383992741338256893e+00
-4.406874841886086358e+00
4.741894657445241634e+00
-2.214901586824240987e+00
-8.019086533827868291e-01
1.293612158150142299e+00
-5.751364643350167505e-01
2.120419299309733496e+00
-4.486025359458150064e+00
4.614999305120071504e+00
-1.342792647011052942e+00
-1.549600935719841477e+00
1.718309142490745955e+00
-2.520090500184081761e-01
8.455420065241436856e-01
-2.936335198378249522e+00
3.347699009920221513e+00
-9.635787429781277336e-01
-1.183216139314426707e+00
5.769337533495257908e-01
1.084330931260160558e+00
-7.560399095831482619e-01
-1.754078228228901581e+00
3.352574631879843281e+00
-1.965615399930531026e+00
3.239308377057144028e-01
-1.066127276515621114e+00
2.639232277541354588e+00
-1.434187254061928263e+00
-1.949955202487436923e+00
4.147783192141903719e+00
-3.169994470946526199e+00
1.576339926183975670e+00
-1.662018733248933344e+00
2.386161209915622639e+00
-1.026555109937068444e+00
-2.856025093635146117e+00
4.932004415449248391e+00
-3.624773490596185699e+00
1.120574116327238468e+00
-7.289203595354807330e-01
1.698575787158729478e+00
-7.398422263492188122e-01
-2.118387802257694297e+00
3.809897121065387360e+00
-2.480856442204494527e+00
-1.185815547891069244e-01
-1.444267837739888760e-01
1.601777826521567416e+00
-1.739786987194858581e+00
-6.021074197778925052e-01
2.422824893885081377e+00
-1.551740039912120173e+00
-3.127878545091106188e-02
-7.094352693988109637e-01
3.136905416981022654e+00
-3.652301177748335625e+00
1.040748742620623002e+00
1.743655651193024791e+00
-1.845572591218928693e+00
9.208389968531931480e-01
-1.900743176934203582e+00
4.003527601742560726e+00
-4.233836441952132823e+00
1.188915228559752624e+00
2.251600155172643003e+00
-2.580040231581972154e+00
1.424977997263875862e+00
-2.052441340094354416e+00
3.825051329364800967e+00
-3.384572375124245358e+00
5.053923200439539576e-01
2.489617588901942291e+00
-2.295937712056571378e+00
6.483023053920404788e-01
-8.101857828450103050e-01
2.331946755629986878e+00
-3.053445207662726535e+00
6.741342030296825216e-01
1.676225156351270007e+00
-1.064129980035789291e+00
-7.446218043314031254e-01
5.032053865863774789e-01
2.201305761820516071e+00
-3.525091135849862223e+00
2.281293187718427262e+00
-4.717381830747721660e-01
4.036466105541673954e-01
-1.495764298435943829e+00
5.893028099990965663e-01
2.711189385860408141e+00
-4.940385221957147799e+00
3.624318564241601592e+00
-1.134778034585617101e+00
2.066008017012286868e-01
-1.082420032064631110e+00
-2.151269718877167059e-01
3.171786100832770572e+00
-5.123164694817597287e+00
3.255430056827123053e+00
-5.959794215445418653e-01
-4.964280574977340543e-01
-4.234311237976313702e-01
4.285244494765171747e-02
2.454780057894704548e+00
-3.949854803540274073e+00
2.237196744473265664e+00
4.332462119748834439e-01
-4.665839941365310661e-01
-1.266174051639732845e+00
1.636881858632058595e+00
5.098922946840315218e-01
-2.828152005181773010e+00
1.963255574704054096e+00
-3.518743840763276509e-01
6.827085484509156643e-01
-2.938068145869925818e+00
3.112587955872145429e+00
-3.451973323793627868e-01
-2.679534502893513803e+00
2.962209358152517513e+00
-1.525310805095128952e+00
2.044207854244005862e+00
-3.486269015893294299e+00
3.609546338394638010e+00
-1.769493091072637386e-02
-3.548602820815378145e+00
3.679934933520069507e+00
-2.033302404180599599e+00
1.619090854861877649e+00
-2.862294792767821949e+00
2.721532293496543353e+00
3.084614210554940117e-01
-3.333250401499145088e+00
2.976806727690609389e+00
-7.958207512004485951e-01
2.543164477200250406e-01
-2.036473373450935043e+00
2.525530043085594922e+00
-3.303740350598246556e-01
-1.724929781552695385e+00
1.515803527750957391e+00
2.654967514244361837e-01
-2.433235759680885957e-01
-2.102104206017680887e+00
3.878252240412941365e+00
-2.411240391306013642e+00
-1.895718431026258144e-01
6.581743890117899287e-01
3.393705353638004629e-01
4.909893798605443616e-01
-3.468955894636553072e+00
5.284698365338575066e+00
-3.361049094476346699e+00
3.021866472272123627e-02
1.080204544114894860e+00
-5.447103627363785172e-01
1.001249724055209844e+00
-3.678975654266560369e+00
5.039898531599882325e+00
-2.893075862489689953e+00
-6.396116700084817364e-01
1.834404529767943659e+00
-4.685539980219660672e-01
2.416296382203761972e-01
-2.378939829557220609e+00
3.710613856919260822e+00
-1.954944033305219042e+00
-5.982047015800728840e-01
1.067356245189231112e+00
9.219598860973757803e-01
-1.087564074710050122e+00
-7.677770342921861335e-01
3.101689190174273136e+00
-2.539032053237070041e+00
7.184898654078506475e-01
-5.059565280628759432e-01
2.348226041923144880e+00
-2.531916081187215450e+00
-5.847028426309380800e-01
3.799263858405577121e+00
-3.862669026019462937e+00
1.956666917522292604e+00
-1.560342679458444515e+00
2.508543202864635280e+00
-2.130325392085123948e+00
-1.046873418228780217e+00
4.476671949943571427e+00
-4.209001994554830262e+00
1.906851733699189477e+00
-8.502487541441964281e-01
1.789799924061981962e+00
-1.535483841460506982e+00
-9.257999787306567807e-01
3.521070641312820104e+00
-3.020875232811946365e+00
7.132104264029064389e-01
2.609656071097686270e-01
1.212695514115506246e+00
-2.282767561934859302e+00
4.121704560885531832e-01
2.011976622964719130e+00
-1.903192406830209071e+00
2.513628161846162556e-01
-1.673644346606497912e-01
2.442270001935554991e+00
-3.884260766006204069e+00
2.136896311296045958e+00
7.761637163990227073e-01
-1.862131554508353881e+00
4.714773954035250125e-01
-1.234896575151502862e+00
3.452977899077525947e+00
-4.801287423179005920e+00
2.661158024637636732e+00
1.104450725265096134e+00
-2.649198152563397191e+00
1.508568992354740734e+00
-1.649415867529770541e+00
3.451682555231281313e+00
-4.276212461385946462e+00
2.067358954335879240e+00
1.466266636907759491e+00
-2.873418560852834869e+00
1.035719260115056439e+00
-2.967736228394531328e-01
1.984380184160340788e+00
-3.431949597376941163e+00
1.773929585170850087e+00
7.487797486765838118e-01
-1.309528570228644995e+00
-3.697296060783668570e-01
1.010221850050141423e+00
9.015821412638435062e-01
-3.451592680706579763e+00
2.967050802923568487e+00
-6.757676217584244194e-01
1.478862438205992003e-01
-1.478457015269143637e+00
1.455326770885273291e+00
1.605230617871148402e+00
-4.506207303333026104e+00
4.235232425851640947e+00
-1.995466276234239222e+00
5.567272401302318929e-01
-1.272876620570859263e+00
7.577367942721141558e-01
2.114897469171990174e+00
-4.882431018720457594e+00
4.599043190227866340e+00
-1.497657531039636725e+00
-1.372359617939318543e-01
-4.295010353617087495e-01
6.749449897819371769e-01
1.456750513203803221e+00
-3.770172906419765102e+00
3.230901149360387858e+00
-3.378828200104689317e-01
-4.345101425617104995e-01
-7.076708499359062321e-01
2.103804999682875820e+00
-4.291093582893106273e-01
-2.325835910597910949e+00
2.352582530866127897e+00
-4.138703257681664027e-01
3.151522008859836688e-01
-2.105375694131480291e+00
3.655940192132561162e+00
-1.695122155819326126e+00
-1.830956852156387704e+00
2.861528357470201289e+00
-1.775489767056764867e+00
1.430843527215132971e+00
-3.265092629054893170e+00
4.019201577575638673e+00
-1.679122473553489092e+00
-2.174100261004714874e+00
3.741187547596742657e+00
-2.512263951649660321e+00
1.525491355520150139e+00
-2.701940420195783066e+00
3.192673128311065867e+00
-1.074521879452906781e+00
-2.489802024584855999e+00
3.223685899490787321e+00
-1.524304726488322270e+00
2.671941043182188835e-01
-1.266827045583576172e+00
2.998357023840664048e+00
-1.552851434788278029e+00
-1.086623460928242135e+00
1.882418374393472593e+00
6.548536698182337579e-02
-7.410659465048472505e-01
-9.914634728473037395e-01
3.510439734120606392e+00
-3.199933784758844268e+00
6.379903985996432381e-01
4.219397230458056813e-01
4.831566173182359480e-01
-4.865287440590555512e-01
-2.188700625364429442e+00
4.988178031797989576e+00
-4.417528039095218517e+00
1.302880534327249595e+00
5.350110795243693262e-01
-2.730224050672551139e-01
2.175678455213635176e-01
-2.610867351363540756e+00
4.877244894904344541e+00
-4.018923605730504889e+00
7.178922306157761168e-01
1.427568321463702494e+00
-7.854079207717143962e-01
9.582127525036596150e-02
-1.492027704806110133e+00
3.463151754576267560e+00
-2.808367471086001377e+00
2.730008347433932059e-01
1.110534999539194656e+00
1.722969247679695115e-01
-1.502216687490318892e+00
3.019926851382653821e-01
2.603266625473220408e+00
-2.701813085240280632e+00
1.108844669599878152e+00
-3.906885686736560337e-01
1.973579040890634184e+00
-3.069707097050211164e+00
1.036067434303277413e+00
2.816775682420496807e+00
-4.198951433977461178e+00
2.606007898475947826e+00
-1.382570960186354947e+00
2.591183867578445099e+00
-2.725163131715736320e+00
5.731532586422771747e-01
3.183554681561541422e+00
-4.485342824513490534e+00
2.879359544529166204e+00
-1.016940349211190808e+00
1.427413760506364593e+00
-2.142939973899800954e+00
3.533228260164683610e-02
2.781005402668626392e+00
-3.526240833555448262e+00
1.516249381058819568e+00
-6.011273817961498844e-02
8.600950427184101965e-01
-2.385502295245393700e+00
1.327080580969979939e+00
1.206912466390155148e+00
-2.096460266857923305e+00
3.531966288243071350e-01
3.323736706559326515e-01
1.637903644559886684e+00
-3.836609664135361530e+00
3.226726509216376826e+00
-1.704100612520574876e-01
-1.516841839016982441e+00
7.116008570387186705e-01
-5.393082173111259925e-01
2.581916612980381220e+00
-4.737937786505710847e+00
3.910957481338898756e+00
-2.479169123103854011e-01
-2.179216102910515929e+00
1.741250202967897787e+00
-1.227301649340543088e+00
2.789733570789321160e+00
-4.494548623398137543e+00
3.259269073293286745e+00
2.826891859060121082e-01
-2.346558800621693752e+00
1.598325552871273869e+00
-3.721962841316834858e-01
1.367072943713732336e+00
-3.107822609432381089e+00
2.732440718790294820e+00
-4.763338539869560462e-02
-1.348799480272491413e+00
1.392488598891739593e-01
1.374469246081515772e+00
-3.104563183405517623e-02
-2.864923437601429868e+00
3.265041348898235718e+00
-1.562844477554404587e+00
2.138525667119459683e-01
-1.137825259807993872e+00
2.037442685482366400e+00
1.795393923987096685e-01
-3.352303124967388470e+00
4.638928488102074255e+00
-2.895392531259905589e+00
1.185056075095296091e+00
-1.145364507983146485e+00
1.375193760998811410e+00
8.016734638357367881e-01
-4.020270252187291504e+00
4.968258285665020146e+00
-2.750433547379756316e+00
2.601610851738878072e-01
-4.625948122573397270e-01
9.586516411780027225e-01
4.726596364113974102e-01
-3.120985106567143674e+00
3.811684818452799384e+00
-1.652683024042278292e+00
-4.781347003153457731e-01
-3.074240414144330247e-01
1.873949172217798109e+00
-1.120449634778542425e+00
-1.373123010434233571e+00
2.429427490369726605e+00
-1.001947716699371771e+00
7.359230910593849047e-03
-1.418004983305345856e+00
3.595537442572417142e+00
-2.777311286251704647e+00
-3.305206053172495273e-01
2.600369154803436444e+00
-1.847639492267059591e+00
1.182644386877865772e+00
-2.584486693606209418e+00
4.207294658967401624e+00
-3.100345960529207634e+00
-7.835613600559490077e-01
3.266629562690422262e+00
-2.873371381814979308e+00
1.655169633354874659e+00
-2.431639650440876821e+00
3.560152026554253446e+00
-2.531538408245427085e+00
-1.143205441194666161e+00
3.266583520320306189e+00
-2.124937897058375658e+00
5.289007915276702221e-01
-1.040928335349152523e+00
2.670271135718796263e+00
-2.272857825877687699e+00
-3.151442341970925320e-01
1.997701042228052337e+00
-7.054901852954045260e-01
-8.016827881419548163e-01
-4.477987368804017265e-01
3.004605016634406045e+00
-3.693800972619593725e+00
1.378068017883544050e+00
2.190030707100237839e-02
3.819563656120892881e-01
-8.593066691948332281e-01
-1.012596255900346298e+00
4.077203002994790104e+00
-4.987598049978341663e+00
2.616772072284019757e+00
-1.717495391682010153e-01
-2.658398080480759429e-01
-3.867348830489117928e-01
-1.488450676583129795e+00
4.415770205999175246e+00
-4.840588668496323521e+00
1.896638407531004322e+00
6.954659729492272957e-01
-8.906128850363600469e-01
-2.318179429106848044e-02
-8.548836993877024781e-01
3.185336891280946769e+00
-3.560617956284538366e+00
1.126631811250581983e+00
6.092277790692985917e-01
-1.775523126077017122e-01
-1.694172563074461735e+00
8.761669265299588671e-01
1.423172382550712767e+00
-3.191582328315695882e+00
1.713349472204169111e+00
-4.420690279079821372e-01
1.431106276394672916e+00
-3.105452984862535182e+00
2.049005938520269687e+00
1.524773663691388226e+00
-3.588840952719073663e+00
2.829682768134894388e+00
-1.714473320251683974e+00
2.098239172978128231e+00
-3.200689047621388283e+00
1.993552276489410691e+00
1.716607243779434855e+00
-4.415389635635960097e+00
3.442431370529750012e+00
-1.502339297754452963e+00
1.546094593785917626e+00
-2.511937263907824569e+00
1.221872190129664748e+00
1.884954560769244836e+00
-3.712407435446724246e+00
2.401159452160583907e+00
-2.530881039175307268e-01
5.025160311225300713e-01
-2.295526864326513650e+00
2.176754986963687077e+00
4.184516403339936241e-01
-2.166388187565030155e+00
1.171585160790935554e+00
4.080531256191589629e-01
4.878897151718096792e-01
-3.197159166711460276e+00
3.753523479717114419e+00
-1.380529204353847739e+00
-1.087230847627984609e+00
7.808655764579973679e-01
-2.261984976654487500e-01
1.526754586292244253e+00
-4.318857799750279725e+00
4.862456805292827866e+00
-1.887678499705678359e+00
-1.198196498709432678e+00
1.370533888911313447e+00
-1.111706561955189798e+00
2.091710081632846219e+00
-4.096748563113912667e+00
4.361341016066232257e+00
-1.266857750078548284e+00
-1.897887622438389821e+00
1.942270563139067763e+00
-5.161270298506340781e-01
9.388983727951989433e-01
-2.892403959174264738e+00
3.430294588151759250e+00
-8.674646551594875632e-01
-1.164227034151460893e+00
5.775185261060029607e-01
1.333790531686485537e+00
-7.683872308967851783e-01
-1.986671000669339993e+00
3.693925009461568543e+00
-2.033657670684955399e+00
5.443914844910719975e-01
-8.586022859242001815e-01
2.488070087167058020e+00
-1.357870004965488153e+00
-2.161294360193541930e+00
4.512013967192737951e+00
-3.365662624077135234e+00
1.311741643045485795e+00
-1.208487206890844101e+00
2.001825284969362073e+00
-7.062712512464829340e-01
-2.849822160085075939e+00
5.063514305468556742e+00
-3.477283502067067822e+00
1.104330268957742556e+00
-4.047747720328960797e-01
1.375845421851116690e+00
-6.700147376831873114e-01
-2.279446719055433057e+00
3.893755805589308672e+00
-2.465350299929973676e+00
7.887355008806609669e-02
-1.877285621946776784e-02
1.723413610932562179e+00
-1.821694054810935715e+00
-4.423010434036257488e-01
2.373913932021819218e+00
-1.577543720940304706e+00
7.579013169856455012e-02
-7.598039536801359795e-01
3.020679385857675925e+00
-3.733901968451834641e+00
8.725812059739428417e-01
1.755293672904269631e+00
-2.078452136627451985e+00
1.102820579066467133e+00
-1.925542872183649834e+00
4.045278849924510922e+00
-4.168879219917538848e+00
9.803716529657062750e-01
2.536986626408216594e+00
-2.927409674725415467e+00
1.762567370867051064e+00
-1.892519015208839805e+00
3.726660302779174927e+00
-3.300157464344673386e+00
2.144205364251516310e-01
2.629413735814256636e+00
-2.633308167828736668e+00
6.186661061024527619e-01
-5.108021188692122294e-01
2.344732884806736362e+00
-3.002763597531571627e+00
4.964639946581089758e-01
1.518459060291519336e+00
-1.216988075019844961e+00
-6.978041540412045496e-01
5.006168055690208840e-01
2.170378968103777062e+00
-3.780639320002207704e+00
2.113202034904095417e+00
-8.847539660698836017e-02
2.412544348873235656e-01
-1.105466206944561769e+00
2.616884218087076608e-01
3.017986119395309697e+00
-5.030474407706894802e+00
3.757316273416130947e+00
-8.190361932250921351e-01
-8.969487651338568790e-02
-7.221956440119965404e-01
-4.050667448582854213e-01
3.606253227872019629e+00
-5.401556890878825179e+00
3.174404858948630448e+00
-2.139289361264683498e-01
-7.096000056109416088e-01
-2.493403029710297703e-01
-1.056274809848502527e-01
2.474746506546439129e+00
-3.905967829707801098e+00
2.354422701870544810e+00
4.361932710027015547e-01
-6.429807856815819012e-01
-1.218131482011738154e+00
1.602936957750831892e+00
7.177683105376364558e-01
-2.643956443589057681e+00
2.156515908624748512e+00
-5.217646380056232269e-01
9.336967204852462121e-01
-2.869226366511502757e+00
2.864374473054342118e+00
-3.064359259265649893e-01
-2.932931734261102097e+00
2.991756962786537244e+00
-1.795265590901396369e+00
1.993495092614584907e+00
-3.258946397157940655e+00
3.047168339001559367e+00
1.967898455542770875e-01
-3.667930741703139041e+00
3.812368861856900271e+00
-2.000674958528098735e+00
1.328217507713203904e+00
-2.580643162921766542e+00
2.356470322850272581e+00
6.190005659821270489e-01
-3.323865646145487851e+00
3.228301578671686656e+00
-8.522442019707400229e-01
2.448308907889746866e-01
-1.786383859594525836e+00
2.329183845612401882e+00
-6.174221396754435709e-01
-1.757583043609937778e+00
1.586566768624809054e+00
4.420374500499797410e-01
-2.166797516806207025e-01
-2.627309770553718504e+00
3.985327252541245979e+00
-2.231198102606218647e+00
-4.406207623674619489e-01
7.492292787953869215e-01
2.094977378370014298e-01
6.013427336138167378e-01
-3.457127842102840631e+00
5.230128912021447363e+00
-3.257186837789086464e+00
-8.481433039196273338e-02
1.493229757307366068e+00
-7.304509766916165159e-01
1.192049971729653990e+00
-3.501147386335539569e+00
4.755010798115378634e+00
-2.698633681506277249e+00
-7.745917684861705066e-01
1.843638004993053414e+00
-6.236416662922941168e-01
3.838935461950834238e-01
-2.170057743360926050e+00
3.745658153179928007e+00
-2.208657270101950232e+00
-5.913222640000633801e-01
1.047361796184480998e+00
5.335180730297447438e-01
-1.350980197285271522e+00
-8.921112115040400470e-01
3.142188710841380850e+00
-2.697860060808360494e+00
6.554214337404175028e-01
-5.855773415438654261e-01
2.332085378819634958e+00
-2.200245081148457960e+00
-5.451470504216565649e-01
4.078878132092691011e+00
-4.109615444748601298e+00
1.965622491256140636e+00
-1.313933119574859587e+00
2.162107626509324199e+00
-1.832416773200623572e+00
-1.343752095610323050e+00
4.799615521412548880e+00
-4.479550525863952082e+00
1.644798265859091835e+00
-5.026136854239094953e-01
1.280534021402067513e+00
-1.519798107106033136e+00
-1.102687654626107294e+00
3.509373302358293145e+00
-3.156781819874667772e+00
4.928072104987344382e-01
2.384586568804563378e-01
1.308212866381718520e+00
-2.076405791503079357e+00
5.069082927037845687e-01
1.838626343336888791e+00
-1.960231327286896974e+00
3.461059989145739424e-01
-2.876568504600137133e-01
2.271653709115653008e+00
-3.885998602690613701e+00
2.278909522156821854e+00
9.577467873941877263e-01
-2.123031809324701147e+00
1.062077974380547074e+00
-1.298890592018716594e+00
3.495267953962065910e+00
-4.699398265176356837e+00
2.538424829010046846e+00
1.298987591279501919e+00
-2.885360480402249905e+00
2.011732222130067971e+00
-1.544089330426309914e+00
3.150622548317745242e+00
-4.009037714920166806e+00
1.854516712668301759e+00
1.712969661145688827e+00
-3.054676037375647191e+00
1.243239033674526706e+00
-3.346666210982332523e-01
1.718224493021159871e+00
-3.122388996375577541e+00
1.788152166614410898e+00
8.204246335255269695e-01
-1.596357528938171511e+00
-3.257806901826506008e-01
9.262108737187451091e-01
1.083544076136247147e+00
-3.390770864595876066e+00
3.182039509901597896e+00
-7.570710498992965221e-01
2.377805856021672493e-02
-1.241564433225784247e+00
1.333816050073164616e+00
1.738424240116269281e+00
-4.524331307233473431e+00
4.425720874419240225e+00
-1.703338442562390975e+00
7.894227359270225564e-02
-8.147187831267497238e-01
4.679389270516501886e-01
2.085960411353236399e+00
-4.727753871331215940e+00
4.368056953031218548e+00
-1.282310818681408282e+00
-4.517094279616778452e-01
-2.085094952813938418e-01
5.022395489292044157e-01
1.518111498332432197e+00
-3.630764657137202978e+00
3.150137569152847927e+00
-5.822556412271369108e-01
-5.808442387988219657e-01
-6.867167235124561619e-01
1.961615491804567846e+00
-3.717790016226587002e-01
-2.084855128183551898e+00
2.371220486391203863e+00
-6.930921075297917788e-01
2.845516183506836549e-01
-2.268409130230271575e+00
3.455298497239431388e+00
-1.657492868658802632e+00
-1.850832307624015627e+00
3.081763005624374330e+00
-1.927328028255520520e+00
1.562880815658939326e+00
-2.953613243723486992e+00
3.901732348439213460e+00
-1.469688492041200334e+00
-2.640051551898181526e+00
4.054880795752707989e+00
-2.368835695130795393e+00
1.310769781542924228e+00
-2.180476497655725598e+00
2.850205202737455146e+00
-8.965991142675381331e-01
-2.474640479943909899e+00
3.376287351762356614e+00
-1.489853124738840018e+00
-2.030886257456845922e-02
-1.155206694596218053e+00
2.682272215503160417e+00
-1.685210566281910127e+00
-9.660328359930343556e-01
1.845420018454687394e+00
-3.281847745302085007e-01
-7.138909098572712164e-01
-1.270034565763411560e+00
3.631809793914787310e+00
-3.312578519250283460e+00
6.912085663405328484e-01
7.230309989761861678e-01
-4.789212110894872088e-02
-6.134238931947104401e-02
-2.307692716819526257e+00
4.821849140280114909e+00
-4.298795082384284427e+00
1.182077970766115538e+00
1.003823525082517820e+00
-6.048414765944103433e-01
5.058388285795606398e-01
-2.783617244522026635e+00
4.764683276325344607e+00
-3.811614616276245204e+00
5.026246423460914992e-01
1.790555194465640598e+00
-8.116501808906568805e-01
1.066208640257195472e-01
-1.440603582986957898e+00
3.279662976638579419e+00
-3.017312871518752271e+00
1.743504106140548737e-01
1.122843591178556144e+00
2.750224103509458784e-01
-1.659885764994025514e+00
1.114138680919081054e-01
2.365637928545600399e+00
-3.108993446315600817e+00
1.213209901695031956e+00
-4.291573544680322705e-01
1.768505051421937146e+00
-2.876579074939630054e+00
7.632346030624659328e-01
2.947269232262009986e+00
-4.155434388666225054e+00
2.531265493225597130e+00
-1.321561588834966994e+00
2.069385143833120111e+00
-2.501695117473706098e+00
-7.503139952477339003e-03
3.462014166767531709e+00
-4.680636498885676566e+00
2.823778350184055874e+00
-7.696170973918787794e-01
1.219984150728739669e+00
-1.882067501397468590e+00
8.005603398255276004e-02
3.024713108448149335e+00
-3.761633678054947527e+00
1.464686897746980243e+00
1.835007287395931386e-01
7.215299010969934423e-01
-2.262932415589376411e+00
1.414500340051638938e+00
1.447474725570176979e+00
-2.232763277229921073e+00
5.296619273677978246e-01
1.749801254770965708e-01
1.701213516751274968e+00
-3.762897132121957977e+00
3.277765786454449159e+00
-1.027762325898592816e-01
-1.858584469427369434e+00
1.017711283380708709e+00
-8.564862762830616205e-01
2.717994094874490507e+00
-4.679221717812414028e+00
3.652564231589770838e+00
-1.093516251409451384e-01
-2.309722095781843620e+00
2.079872468953955611e+00
-1.207821800485131325e+00
2.660828987168518012e+00
-4.195587506487463259e+00
3.081380197429924195e+00
5.680061494417288914e-01
-2.662279678511782599e+00
1.631192372635708487e+00
-2.572895924879652352e-01
1.293837584280218334e+00
-2.986785085333447221e+00
2.627872577234816376e+00
-1.130509846120950901e-01
-1.355184280106215500e+00
1.695353785828837834e-01
1.183983647939660599e+00
2.555909409701069557e-02
-2.786746537974860161e+00
3.481052112345394800e+00
-1.511658101259915066e+00
1.625896375128686178e-01
-9.947077682352147843e-01
1.827016834700278647e+00
1.426127371816077738e-01
-3.765368070295658676e+00
5.060765333852327963e+00
-3.028785867383482433e+00
6.943760027995636852e-01
-1.022810560046441886e+00
1.304001157994217674e+00
1.113008423814405123e+00
-3.954193047759371193e+00
4.960444004213216296e+00
-2.502134848228061870e+00
-6.014546270695338148e-02
2.685611288361426652e-02
9.092426210709704248e-01
3.764556613204121382e-01
-3.170235182776683924e+00
3.900312472758930227e+00
-1.493110723873430468e+00
-5.514851312513600057e-01
-1.145952511651520539e-01
1.947109958513749461e+00
-1.343812217701313205e+00
-1.314076823377063663e+00
2.721849234238149062e+00
-1.286168679011931548e+00
9.028437457833321522e-02
-1.546997657493663914e+00
3.570281741588416047e+00
-2.629155552842275867e+00
-7.567193956305726665e-01
2.826140874741289277e+00
-2.099473293094101578e+00
1.424683121825341514e+00
-2.753629291401292978e+00
4.105138937191719073e+00
-2.706118142715488784e+00
-1.133736763697352767e+00
3.436052857042197761e+00
-3.195905753444180597e+00
1.583987812360924785e+00
-2.153908391303786640e+00
3.159174783879320270e+00
-2.108869929900579088e+00
-1.331130209629443284e+00
3.307710953133115694e+00
-2.100431734154256880e+00
2.364678930257953504e-01
-6.009952123198768481e-01
2.429724355694704130e+00
-2.337546286424402098e+00
-1.663197074720532687e-01
1.961803861931359361e+00
-5.830130494894024684e-01
-9.278677506045454049e-01
-4.826476033216764439e-01
3.027140153339987538e+00
-3.708934643995875025e+00
1.511683917334570193e+00
3.504533197504295372e-01
-2.598230090900013889e-02
-6.732226928901627883e-01
-1.192002043825321378e+00
4.230122687166395501e+00
-5.182057624943145591e+00
2.266988048406162193e+00
3.219060205436186095e-01
-5.197257589578703207e-01
1.398796884732217138e-01
-1.634339360074122283e+00
4.357206251120422813e+00
-4.827297292926180816e+00
1.873158303509116829e+00
1.151718410609515519e+00
-1.166872992529378594e+00
-6.062225986944422274e-02
-6.216027431883609511e-01
2.938366338437808256e+00
-3.427502925809570833e+00
1.252418625148507658e+00
1.017216622428257278e+00
-2.379391302708789846e-01
-1.517673995362208483e+00
1.019217197186799373e+00
1.629546555103055683e+00
-3.240296784191648349e+00
1.828232045553735752e+00
-4.327996575458695205e-01
1.235080710353163802e+00
-3.043212925828610693e+00
1.967010013499845167e+00
1.544073424931159177e+00
-3.812031364642489262e+00
3.209521567917338114e+00
-1.641704040592566249e+00
2.064592944596752133e+00
-2.974682075887735699e+00
1.533175679095063471e+00
2.123025871509728990e+00
-4.777248705292632458e+00
3.455173905382565636e+00
-1.299212673562120335e+00
1.190122799625124683e+00
-2.059220585871801124e+00
1.271652938291076618e+00
1.895028297065733058e+00
-3.820650803875446755e+00
2.376859123444240218e+00
-1.732155990987593042e-01
1.756519276002351249e-01
-2.152365375799725200e+00
2.195257722303871617e+00
1.844002844639374139e-01
-2.019202830556160233e+00
1.283180955377595467e+00
7.880489864849127279e-02
6.893321168865452764e-01
-3.458712506023177813e+00
3.938017020141998614e+00
-1.381779239995805764e+00
-1.250450442565468778e+00
1.200754242324340026e+00
-3.692367594849975121e-01
1.737618326090513587e+00
-4.156172022092528451e+00
4.685088356680441990e+00
-1.732183756314750633e+00
-1.475450707058260313e+00
2.020677959104057120e+00
-1.357523067518508597e+00
1.984676960637693943e+00
-3.940300466628838372e+00
4.234269255316164049e+00
-8.593028770325468191e-01
-2.136516616958424208e+00
2.077600581049529271e+00
-5.061088646899442045e-01
7.081984758661428181e-01
-2.706604227594003209e+00
3.074718040413657594e+00
-1.005939685180563314e+00
-1.215184016880483941e+00
9.302248102721317746e-01
1.265714353711631546e+00
-8.325042765274723866e-01
-1.851087382484266630e+00
3.621775131533842451e+00
-2.371165328032299957e+00
4.066609004088730384e-01
-9.135139841938429983e-01
2.218158073213179815e+00
-1.136000027526289591e+00
-2.231921734862957862e+00
4.796513683206113043e+00
-3.648512179436685710e+00
1.429785850877300923e+00
-8.761631345423986916e-01
1.606652555085886780e+00
-4.944542711064125462e-01
-2.963318406279271233e+00
5.063837963574518319e+00
-3.464641814230017491e+00
6.853028595891561547e-01
-1.745133224318372034e-01
1.041633049606061956e+00
-5.565420764064263892e-01
-2.008055729206982054e+00
4.018475952123264250e+00
-2.217309138006757774e+00
-4.869937584926211510e-02
2.177393306086402303e-01
1.744129054918525767e+00
-1.955618399920675987e+00
-3.449176860333893480e-01
2.513267764885532163e+00
-1.791525103736160140e+00
4.409049390173327976e-02
-7.367483487688297750e-01
3.084938012857997958e+00
-3.580442997424962304e+00
8.678552269331930580e-01
2.185991907347248908e+00
-2.494855774464704190e+00
1.460666949401683068e+00
-1.797834854038664387e+00
3.787472102460974099e+00
-3.808595845781363121e+00
5.395104261469519935e-01
2.907084768991095469e+00
-3.192599890885655434e+00
1.830090175778254835e+00
-1.918879373606942718e+00
3.355646743412534772e+00
-3.361312701911570944e+00
-3.377236565631799858e-02
2.665560189749077491e+00
-2.716593690981098597e+00
7.083089842489026511e-01
-4.399149933524701961e-01
2.288631661193723854e+00
-2.959820871419029498e+00
8.563289162774294638e-01
1.544826700531662711e+00
-1.267101035679548460e+00
-7.647629653566003771e-01
4.319269641712836227e-01
2.241962121950967113e+00
-3.901044385775788381e+00
2.599845786172823470e+00
-9.342405040508072744e-02
1.138805483071121671e-02
-8.932370232731495774e-01
4.417154653581390616e-02
3.145612011727740409e+00
-5.369847116696615963e+00
3.539796970130757003e+00
-4.846479609450857762e-01
-4.075598794255769208e-01
-2.617885954615584709e-01
-7.072514244999458244e-01
3.472816840068518651e+00
-5.024186811781290452e+00
3.121875331054174030e+00
2.500990795656471422e-02
-1.072138737470516467e+00
3.357616891407116944e-02
-1.486536490933475230e-01
2.380150706755070011e+00
-3.846034207896821933e+00
2.252898766870003122e+00
2.459061591742629227e-01
-8.250214740642867195e-01
-1.210346967486394476e+00
1.841169835778172947e+00
5.223447075234931569e-01
-2.603955935553852630e+00
2.373572174527816880e+00
-6.420112902680144007e-01
7.659703852997711282e-01
-2.753622207910468855e+00
2.964049433273979073e+00
5.262905443619018964e-02
-3.218699237579917938e+00
3.534289093387828373e+00
-1.850409555866845412e+00
1.724009415735313189e+00
-3.304310064747571829e+00
2.526639511834393392e+00
6.078894720983306632e-01
-3.968790347778749616e+00
4.030687461125530113e+00
-2.024457145698417282e+00
1.068125388728149661e+00
-2.274321157664767501e+00
2.005251605430040662e+00
5.887049094857252918e-01
-3.440772711790581084e+00
2.824019504156648264e+00
-6.835745730310109902e-01
-9.481553375316574550e-02
-1.592828459758914406e+00
2.581563695337553366e+00
-8.031127870013989867e-01
-1.697310347177756640e+00
1.342101699235998646e+00
1.531671264830156975e-01
-7.540252930364604866e-02
-2.403216479250300353e+00
4.091405624549039999e+00
-2.392739050381187838e+00
-4.780941805777694231e-01
9.894065438346750785e-01
-9.101499224261425103e-02
8.931151294579849909e-01
-3.492647979917242296e+00
5.124923668034154112e+00
-3.028699403314440097e+00
-4.317041535113641526e-01
1.879978837805545533e+00
-1.039207236760067099e+00
1.164513704308388409e+00
-3.481785064067878022e+00
4.603366113406741178e+00
-2.466483767208878852e+00
-1.075812239977415929e+00
1.991778322865827899e+00
-8.847748080414098437e-01
2.559707906517365572e-01
-2.025418202823508818e+00
3.462729856561857389e+00
-2.053744522146994544e+00
-6.860580299297610596e-01
1.197035203348138843e+00
8.644473478238410280e-01
-1.420904387131312951e+00
-9.084828253079302307e-01
3.302314979683089735e+00
-2.930753910400477835e+00
8.920117758582567502e-01
-8.549841567924287844e-01
2.054282600572858719e+00
-1.929149472187094982e+00
-8.244574181015946746e-01
4.092234394305249268e+00
-4.264297649258151246e+00
2.247745606536136975e+00
-1.131588079114436818e+00
1.898377874194245640e+00
-1.460056153050341532e+00
-1.697360530203458229e+00
4.705351639971766531e+00
-4.446463148971031565e+00
1.676795001373831306e+00
-1.951535067910900589e-01
8.809614689103597573e-01
-1.252603489694765759e+00
-1.053238269411398420e+00
3.909419423706733010e+00
-3.341626268555110801e+00
6.234370705324090434e-01
4.017225131500558599e-01
1.118659808453629445e+00
-2.026246995162479525e+00
5.122303925709078554e-01
1.899086192857764477e+00
-2.018784592960307211e+00
3.166623907250184500e-01
-1.886680450115884589e-01
2.531884835755151997e+00
-4.096127388522340596e+00
2.133702044117753438e+00
1.225404675488036332e+00
-2.380200921154759452e+00
1.308644546358741056e+00
-1.515286556457509759e+00
3.416678265268141335e+00
-4.492786363533007865e+00
2.066927075268775837e+00
1.884470653698544718e+00
-3.120281683175445853e+00
1.915104907625863717e+00
-1.497160552250204724e+00
2.905734940286311740e+00
-3.801218516811647685e+00
1.626328312817389987e+00
1.917663533165493650e+00
-2.963293202447304875e+00
1.228121874019458604e+00
-2.181462759695516618e-01
1.671051510347645763e+00
-3.014371289345178617e+00
1.769597741180861883e+00
9.796665633916415983e-01
-1.381766793204498134e+00
-3.543625659456791088e-01
1.068910431332535493e+00
9.948966769886460337e-01
-3.623961730830012939e+00
3.358179058766751268e+00
-9.271210307250130622e-01
5.844832816580255996e-02
-9.165815093504101618e-01
9.235775198479357906e-01
1.779063721773646245e+00
-4.750440650830415557e+00
4.428276552553297662e+00
-1.800705498641172575e+00
-1.544617100840149082e-01
-3.834756692275155254e-01
1.454144413600110541e-01
2.299523759889650965e+00
-4.927885436340559977e+00
4.385041063190498356e+00
-1.075476445011454896e+00
-7.366250996626303449e-01
3.720939076540702439e-01
5.041055370369621480e-01
1.378468125361418162e+00
-3.448000213570643346e+00
3.059507948639813346e+00
-3.684597430057203749e-01
-7.241554110675834099e-01
-8.038518910512920668e-01
1.770384147676033582e+00
-2.326664881849381528e-01
-2.175752787731239923e+00
2.691402800996611333e+00
-9.261621314809465044e-01
2.722116432927559337e-01
-2.322638413114117562e+00
3.376529494316648172e+00
-1.397917532630858384e+00
-1.971538885973299626e+00
3.289839179031641248e+00
-2.257024581534416097e+00
1.755773883003994618e+00
-2.847695728933230974e+00
3.489168037802312217e+00
-9.871068485622390698e-01
-2.915030491830429948e+00
4.314816450324660657e+00
-2.508852886919285652e+00
1.457900223909289528e+00
-1.951115118260339010e+00
2.596657117368726730e+00
-6.721591863417449852e-01
-2.465152600669076488e+00
3.606830569417537991e+00
-1.445550420165473637e+00
-2.597260274297229499e-01
-1.087911097329793630e+00
2.668167141295073375e+00
-1.620130072471518634e+00
-9.946100584145075585e-01
1.735346481557537457e+00
-2.825033695011200385e-01
-6.305972616140035347e-01
-1.351346154053557624e+00
4.029917703571348042e+00
-3.334455642580212320e+00
5.578968985535295300e-01
9.764294000464167622e-01
-3.323372832016210365e-01
7.841439762828723847e-02
-2.496335617660377704e+00
4.978491047301584871e+00
-4.289622563091882945e+00
9.045557843259752762e-01
1.350152356367390727e+00
-1.222864405846448399e+00
7.194105188837595088e-01
-2.541085963595954400e+00
4.567257342620182570e+00
-3.665202901787390388e+00
1.327211070750726474e-01
1.911384881049196682e+00
-1.119720584432425614e+00
-4.869490283335248249e-02
-1.281578354536012654e+00
3.458167962235862536e+00
-2.757883486789696637e+00
1.838654873354175490e-01
1.165080551164583866e+00
4.480964724079017358e-01
-1.579236431144542596e+00
2.515894087078976438e-01
2.656122910015465965e+00
-3.282989545918103325e+00
1.638529611027776278e+00
-4.928670080377299811e-01
1.767411811114315778e+00
-2.625567475725485433e+00
6.026802484983613262e-01
2.948179690166763844e+00
-4.443804137445101610e+00
2.846409348394748129e+00
-1.357125275788669594e+00
1.986631616448965243e+00
-2.209985790365962099e+00
-8.934070070444427580e-02
3.734865281917092439e+00
-4.786063138666112771e+00
2.761056971447029440e+00
-6.743931391281194898e-01
6.903617417563195913e-01
-1.548656713208612645e+00
-3.382140536759292021e-03
3.016199681802107069e+00
-3.675210497297233925e+00
1.681984740700243730e+00
2.364876643565778369e-01
5.412624285209305386e-01
-2.275983126854174365e+00
1.518649095083938194e+00
1.187019212587310912e+00
-2.340918225860686874e+00
8.689534638723915849e-01
3.100661047569634732e-02
1.769994638946423837e+00
-3.702258748504343000e+00
3.289515998009047149e+00
-1.682896915796642801e-01
-2.027742941959084000e+00
1.531224827948163281e+00
-7.885460355499103180e-01
2.868715818482383995e+00
-4.703189427473772888e+00
3.463174341046920013e+00
1.584541852619442137e-01
-2.823095884171358705e+00
2.195055272828049020e+00
-1.670765972260735310e+00
2.607113890172136017e+00
-4.057511457942917232e+00
2.761870169199082792e+00
5.391409366150353710e-01
-2.807830460828794727e+00
1.602773794173355082e+00
-2.377567529078358777e-01
1.117597374957846723e+00
-2.819995649954373018e+00
2.530889856076421029e+00
-9.414774082691332313e-02
-1.363996962031033489e+00
1.160817923434363241e-01
1.266707018304650489e+00
1.343033534205802237e-01
-2.898088329048588374e+00
3.591218189674259875e+00
-1.639450705399997821e+00
2.442131805820652035e-01
-7.330549233635365036e-01
1.492409890286723329e+00
4.458406519261119416e-01
-3.916206138619413135e+00
4.917991270244311153e+00
-2.863891373915524952e+00
5.074583040304331272e-01
-5.037431765094042557e-01
6.769494676499067110e-01
1.000961066239686614e+00
-4.318489697290645246e+00
4.841446688277213362e+00
-2.464682539884499590e+00
-1.946297823789884807e-01
1.061359744955882867e-01
6.933282656719220727e-01
6.245771936304237437e-01
-2.981821500388315282e+00
3.688656325812798009e+00
-1.206769055543831071e+00
-4.423517895361756547e-01
-6.319077719197530030e-02
1.864129586492492718e+00
-1.420722260200850684e+00
-1.219303654233644840e+00
2.630379518530724159e+00
-1.361370234359795539e+00
3.668346220515711908e-01
-1.443493108314567896e+00
3.350071645369731232e+00
-2.644758788419343976e+00
-5.991790520804380904e-01
3.016355993340736230e+00
-2.564928649487752566e+00
1.704836419791705415e+00
-2.500594988499933002e+00
3.777603219287021030e+00
-2.346947561966639562e+00
-1.437822587479686609e+00
4.015455985669723837e+00
-3.187402681959701223e+00
1.402086501685434250e+00
-1.818973417041890972e+00
2.877468703524614924e+00
-2.150886419528385218e+00
-1.505613077860504800e+00
3.287789599600887680e+00
-2.179141399515967414e+00
3.780510431612316147e-01
-7.064977218801428149e-01
2.391960427928057520e+00
-2.435782053380482814e+00
-1.675656979846825573e-02
1.808430830798720690e+00
-7.174373723306854966e-01
-6.908145070518277864e-01
-3.193122473432407071e-01
3.200269802483959758e+00
-3.972201935313693699e+00
1.623653054686092334e+00
4.231857738204931052e-01
-3.836910667572478451e-01
-4.843989817334237169e-01
-1.218127216094254450e+00
4.178820335037284117e+00
-4.945004331003523212e+00
2.356583790171802306e+00
4.955213281792474889e-01
-9.985582400749501986e-01
5.624438831004707762e-01
-1.755103403164050224e+00
4.386752095492254533e+00
-4.518619996532400762e+00
1.548981429477648719e+00
1.250679790335831099e+00
-1.239689308357829534e+00
1.550063178681912734e-01
-6.236529645730864990e-01
2.926650015417397110e+00
-3.275630552085541769e+00
1.371708135289562591e+00
1.078074146799159472e+00
-3.186847416452664450e-01
-1.515734072308752900e+00
1.144698876346569527e+00
1.542483849101463189e+00
-3.174413470648105307e+00
1.854105006831400004e+00
-5.827675317276004296e-01
1.338635417816375073e+00
-2.740527393044115634e+00
1.826784726222149491e+00
1.795424531907936494e+00
-4.226974726450263731e+00
3.280464397428823897e+00
-1.712505567388607375e+00
1.772418059233545229e+00
-2.666961740406248893e+00
1.392948181253778728e+00
2.352290749844770268e+00
-4.642105709343532283e+00
3.467162880973927663e+00
-1.102553253002960698e+00
9.157688759294130287e-01
-1.749788642088834667e+00
1.210991807719218327e+00
1.853111902028642621e+00
-3.768724918885526076e+00
2.440333951877922125e+00
-3.610659487630114156e-02
2.650095553527078707e-01
-1.807742229836936554e+00
2.156204287806100517e+00
1.561337923535939809e-01
-2.128030429554583325e+00
1.340766257751254020e+00
1.002568712703972298e-01
6.152663973887000370e-01
-3.316158648974268264e+00
3.889814805152012500e+00
-1.226372544578084423e+00
-1.429861961582858720e+00
1.524389963504662715e+00
-7.913094880720491497e-01
1.677437255568804408e+00
-4.217876140631226178e+00
4.533715087976682767e+00
-1.222603589117205569e+00
-1.806200057992550345e+00
2.385967164622998737e+00
-1.439982989054797713e+00
1.926457713242356373e+00
-3.809209988446688122e+00
3.755403610609346021e+00
-6.406934710687262058e-01
-2.448303517850755728e+00
2.266936459839639539e+00
-5.684127673772663147e-01
5.344606780432806792e-01
-2.446306103262324783e+00
3.123005614509831052e+00
-1.151279411070015968e+00
-1.074156006525007756e+00
7.344259883197459260e-01
1.082589874246401296e+00
-7.973190892769037585e-01
-1.999764508949062547e+00
3.772858119792780851e+00
-2.479622923687009983e+00
4.670686721846166733e-01
-6.946602784881845682e-01
1.849040478646926999e+00
-5.677626033902172242e-01
-2.522134965494782666e+00
4.957448340916251972e+00
-3.744030527464842883e+00
1.091638409570821810e+00
-5.354063875178939336e-01
1.301672030821873660e+00
-5.657235187494097373e-02
-3.058302903029190833e+00
5.246235635409107090e+00
-3.443216579508908914e+00
4.792329007463880797e-01
2.226077500951985089e-01
7.294315440414966822e-01
-2.351429522453146181e-01
-2.385777538232674910e+00
3.935030619593265833e+00
-2.274680486575337834e+00
3.724325523838914465e-02
3.480000789962997554e-01
1.568116920834168759e+00
-2.017626925849094643e+00
-4.396072406415461598e-01
2.572251269283627906e+00
-1.956726307212746319e+00
2.753110027137763982e-01
-8.007918727513642088e-01
3.282290922715144887e+00
-3.434107492421234475e+00
6.257032786500200672e-01
2.491181522727563991e+00
-2.892569926535363489e+00
1.667477772516532619e+00
-1.988172384128397363e+00
3.732426395196632551e+00
-3.738528972252880056e+00
3.351524812952357824e-01
2.994481820806495609e+00
-3.633948164583385765e+00
1.903744239150853446e+00
-1.587004093006332495e+00
2.878736797239642264e+00
-2.768280719117818478e+00
2.096374228930196482e-02
2.917411936827927654e+00
-2.704594362571457911e+00
6.894423691786205621e-01
-3.232560241071505414e-01
1.975912449430067941e+00
-2.777205243218919595e+00
9.505715327596069297e-01
1.343848385760939346e+00
-1.126537780388325194e+00
-6.526077131840509749e-01
2.743140999334908736e-01
2.172519534783571071e+00
-4.163902002636030275e+00
2.761287950178504147e+00
-3.429295584078571602e-01
-3.705711466232513573e-01
-7.165219389193238086e-01
-1.721722360282041120e-01
3.394032215189057400e+00
-5.188110644999883725e+00
3.623167288926051555e+00
-3.842282991172963902e-01
-8.488713777567258312e-01
2.522675144680237014e-01
-7.309217607145817031e-01
3.469075816942805979e+00
-4.934683799502529666e+00
3.077577342578978303e+00
3.067407793593492360e-01
-1.379838678956371689e+00
1.110735607451026202e-01
-5.549399685196679949e-02
2.225319262389474417e+00
-3.635020956945254511e+00
2.125958697553097299e+00
5.926799666870824490e-01
-7.286202581026742786e-01
-1.089631478696387434e+00
1.853280292871224644e+00
5.703710519878147922e-01
-2.830908621295146421e+00
2.584895340122353780e+00
-1.060056247058418943e+00
6.590917341553281794e-01
-2.804725070971544998e+00
2.725753950993146990e+00
2.484368642232632485e-01
-3.375432768168974640e+00
3.690342140005735239e+00
-2.032783254238085480e+00
1.623270931497820868e+00
-2.759023560969087630e+00
2.372160467343424450e+00
7.579010445873549662e-01
-4.214613637386656286e+00
4.135569265890999269e+00
-1.916089236689601627e+00
8.564661117364922305e-01
-1.741729877763808387e+00
1.837218579408497421e+00
6.113516741998116233e-01
-3.499705578712729359e+00
2.944167156260857343e+00
-7.603613676857903236e-01
-5.638271533111793854e-02
-1.475871976604085534e+00
2.291345090407749030e+00
-8.178095900759908554e-01
-1.719048511526831469e+00
1.778234972213111664e+00
3.163986276599273229e-02
1.384890080561121950e-01
-2.524961687466219296e+00
4.176864187965605879e+00
-2.440083609700699707e+00
-4.876806885362284794e-01
1.308205256976002095e+00
-4.533080679746295250e-01
1.125628444325071253e+00
-3.463509539369398205e+00
4.926178043153448982e+00
-2.923193636356235636e+00
-7.480077831653517695e-01
2.167194076698285787e+00
-1.131113981736075802e+00
1.400763844563565286e+00
-2.956667740903225372e+00
4.473557877816215722e+00
-2.335169130294471262e+00
-1.119403455178835882e+00
2.299914846753750908e+00
-9.579769634451199556e-01
1.101078343948687227e-01
-1.990299873761864236e+00
3.354417316329197263e+00
-1.992198271699299639e+00
-7.523806113066044965e-01
1.071400004095436120e+00
6.448280106815937884e-01
-1.381858549589172647e+00
-9.236800972214492811e-01
3.347292414437687214e+00
-3.146923000734743958e+00
1.066954728873632741e+00
-4.403728542574154581e-01
1.946722090533159699e+00
-1.840809937571093347e+00
-1.286266186343439033e+00
4.402497191151826250e+00
-4.302368667630750210e+00
2.008147443221856232e+00
-7.017911676446428881e-01
1.193627542973556777e+00
-1.134703602056435168e+00
-1.751230938948424631e+00
4.773571641678580946e+00
-4.476733278140660133e+00
1.250397171519492368e+00
1.623407229533035401e-01
5.241296364825428489e-01
-8.804603091267262371e-01
-1.166592550627961300e+00
3.507282847347729327e+00
-3.096048142808301318e+00
5.400247884720866809e-01
7.150610281094287313e-01
1.106408896857605351e+00
-2.222605236053092348e+00
6.970121796583678142e-01
1.841470408060642772e+00
-2.079578202168559375e+00
5.322341287096141738e-01
-2.762769339645173572e-01
2.518840327065760221e+00
-3.846204682971625655e+00
2.043281229709040581e+00
1.580749206164344001e+00
-2.826954666204732458e+00
1.940223996980192878e+00
-1.559282257284736906e+00
3.353093974243842368e+00
-4.412139110606387860e+00
2.027452838243877231e+00
1.773749327535830478e+00
-3.610629468711278101e+00
2.267443077992127076e+00
-1.391699493938016507e+00
2.633231604804238124e+00
-3.396064949449055792e+00
1.220616601170520399e+00
2.117241039201495756e+00
-3.157808550849048768e+00
1.180276052742477821e+00
-1.635097363467794551e-01
1.601539356078391485e+00
-2.826304855421964302e+00
1.854708827556647455e+00
6.238092915455659693e-01
-1.644096079060529014e+00
-2.646596229622584229e-01
1.008517602361667986e+00
1.235322934084690960e+00
-3.757806948307798489e+00
3.407627564607590642e+00
-9.920103732036562594e-01
-1.467235486500734487e-01
-5.695796797069241357e-01
6.983751908407401787e-01
1.937792870565184344e+00
-4.888528178351068121e+00
4.576748294522340998e+00
-1.556489683778466304e+00
-2.532535462467077059e-01
8.622129327173844171e-02
-6.653757384972817934e-02
2.282888718285099650e+00
-4.595643744076245873e+00
4.050212509456063259e+00
-1.031887315324399479e+00
-1.185500056902744515e+00
4.241956990441591024e-01
2.951609159370102153e-01
1.246596689258016255e+00
-3.497333099891127617e+00
3.040063496546608679e+00
-4.214700528234375798e-01
-8.402216438142754429e-01
-5.019463276314849454e-01
1.917805389243039116e+00
-4.690244902488798773e-01
-2.251075631762424756e+00
2.731910133365526239e+00
-1.296218677724295665e+00
5.875404985237284716e-01
-2.002267112152425366e+00
3.139161698731947059e+00
-1.282983406901080592e+00
-2.483089959237711142e+00
3.880153227015953998e+00
-2.430858955849236835e+00
1.669698961303845097e+00
-2.682065397394705730e+00
3.151592690302924105e+00
-7.268630101352079320e-01
-2.881538054489711786e+00
4.385606813420763750e+00
-2.596203749141271722e+00
1.010524760704658132e+00
-1.673541700371842245e+00
2.291828320517542927e+00
-6.060592458341687028e-01
-2.586122005447719197e+00
3.408271719958250401e+00
-1.494972567198216362e+00
-1.022552363757297245e-01
-1.001982486154712859e+00
2.653122853187347197e+00
-1.872091475545667016e+00
-9.433302465189340458e-01
1.794880314247145447e+00
-2.382324607566050911e-01
-4.400375338907240308e-01
-1.538520159538795840e+00
4.037676175196186712e+00
-3.319573234870984990e+00
7.784754929028551151e-01
1.245900054589363037e+00
-6.832780393890369730e-01
2.280268987952178139e-01
-2.568920460677732720e+00
4.961069787363867611e+00
-4.124562366928467227e+00
7.517081796773306124e-01
1.656248241458029513e+00
-1.546021951109467274e+00
8.737774253970412852e-01
-2.637498332153910940e+00
4.449078299011904214e+00
-3.309109466680697942e+00
-2.545475869793853430e-02
1.988362077429519648e+00
-1.289716614315380872e+00
8.146106190821722493e-02
-9.837441126620699583e-01
3.173466460584401627e+00
-2.807358555232362551e+00
1.760457201962001283e-01
1.245087724301306764e+00
-1.442204315113654323e-01
-1.693811910076129745e+00
1.670100498054380989e-01
2.661385000090250585e+00
-3.330462395877910264e+00
1.704543157211082516e+00
-5.480207076116730969e-01
1.583830547235270059e+00
-2.301289826254310000e+00
2.826299963946385940e-01
3.437103034378103494e+00
-4.641807822898191382e+00
2.881494083829571284e+00
-1.161493565933435779e+00
1.353013287031684220e+00
-1.858943405829169837e+00
-4.392942610301796003e-01
3.797417657173922656e+00
-4.834417096462952479e+00
2.428599981488463122e+00
-5.652783362769492337e-01
4.740252856465503317e-01
-1.336242387205007098e+00
-1.663096293553822658e-01
2.744688411182261145e+00
-3.711456375659790918e+00
1.478972512717564580e+00
4.894413228894274881e-01
3.768178479776479461e-01
-2.146043231706713961e+00
1.621184718910811284e+00
1.201293106695137558e+00
-2.386753465478810288e+00
9.862701688661849042e-01
-2.062607414950345941e-03
1.722309621646374911e+00
-3.824076083735019616e+00
3.177464183004673703e+00
-2.970690134947606698e-03
-2.234095419090121659e+00
1.774576004508248595e+00
-1.138524248864249522e+00
2.723725225255385851e+00
-4.651963723692985830e+00
3.340261328064417778e+00
5.451839648858280984e-01
-3.039315701144250426e+00
2.483161668138869960e+00
-1.471676604018294698e+00
2.164994192525019123e+00
-3.636485756955492032e+00
2.633193028457301299e+00
7.182178155102929562e-01
-2.926488507293379282e+00
2.027397861978260440e+00
-3.097497230703972759e-01
9.206215312365659820e-01
-2.772893740536729545e+00
2.632243349804286758e+00
-1.729192951664940137e-01
-1.427892987451515161e+00
3.596835916583696613e-01
1.104353538899401688e+00
1.953692379433958626e-01
-2.999318668781028485e+00
3.811486802951101094e+00
-1.824509509004339280e+00
-1.066628174560216302e-02
-6.959421561202908668e-01
1.208161361400294176e+00
7.506628013664681243e-01
-3.963556068929276588e+00
4.897492721373648550e+00
-2.695909093207948359e+00
3.605363276633989922e-01
-1.690746550635145729e-01
4.560937206553876133e-01
1.370544115251389750e+00
-4.288022749716418502e+00
4.649249341239190869e+00
-2.141343766366085255e+00
-8.331581313945439771e-01
7.070716954656284248e-01
4.766187474373417277e-01
3.079861373142224745e-01
-2.888374917307369394e+00
3.585915093684744814e+00
-1.470179689003299650e+00
-5.497975215877523025e-01
-1.431201938872155299e-01
1.798892418406499605e+00
-1.219645799097121008e+00
-1.304980180300444603e+00
2.866220207841491341e+00
-1.687116717240079389e+00
5.501756585819446155e-01
-1.565655353713954590e+00
3.370764546217972057e+00
-2.296808058700843702e+00
-1.128664457258337306e+00
3.464393738595240801e+00
-3.070448993015446160e+00
1.788965508387893255e+00
-2.453017306353890703e+00
3.525110707550976219e+00
-2.174420856470883123e+00
-1.481111638999254687e+00
3.866604775045123343e+00
-3.317591813742048146e+00
1.393140468361206530e+00
-1.335552845121284582e+00
2.624621369820461236e+00
-1.604564087984868159e+00
-1.419071733008673286e+00
3.303732560750417768e+00
-2.485767488911708067e+00
4.508296003772228888e-02
-4.166501089668332991e-01
2.255635109787184067e+00
-2.335332527892547638e+00
2.076221653424703550e-01
1.668478020089095182e+00
-8.380226793265579399e-01
-6.319602664001735537e-01
-3.754387832387913182e-01
3.324253742936153166e+00
-4.360501152345784170e+00
1.605753870043019615e+00
7.521937124046668144e-01
-8.605138366008928674e-01
1.777019930744248022e-01
-1.368925604525288442e+00
4.374540587109260414e+00
-4.565677718816899322e+00
2.158718049281762141e+00
8.869679435207494800e-01
-1.176076379997614385e+00
6.619852858935402207e-01
-1.651329015775607978e+00
4.149708052460634455e+00
-4.287223553979991664e+00
1.515072694893577543e+00
1.629308921596485105e+00
-1.597772667339315333e+00
2.881189850351015824e-01
-5.205902986561006252e-01
2.505995808269388281e+00
-3.291355910886343938e+00
1.209480381531605309e+00
9.962781192882810277e-01
-4.822523678963162586e-01
-1.491375468351028521e+00
9.212105231846752229e-01
1.841538395362598779e+00
-3.449248356875622257e+00
2.090204855298710918e+00
-5.648856545711878896e-01
1.157788432945523471e+00
-2.620505602308566218e+00
1.638512978651965657e+00
1.890927648586609333e+00
-4.377108634371761120e+00
3.624792085704999334e+00
-1.692550243545332789e+00
1.360492717318566136e+00
-2.247968927380121329e+00
1.010407769692706292e+00
2.470522951116531640e+00
-4.661722591470997656e+00
3.514662519849971911e+00
-1.016366447550760999e+00
6.260108712565808364e-01
-1.532301010540515485e+00
9.593659481802849776e-01
2.101018145878978505e+00
-3.616086419480342151e+00
2.391304363678253608e+00
-8.149198352653951039e-02
1.436609608911842972e-01
-1.911800068606767544e+00
2.458784630970050067e+00
1.021179204128282031e-01
-1.952155281177942348e+00